Atom_type   SS_name          C        CA        CB         H       HA          N
236Pro       236Pro  176.44282  62.82192  32.26901       NaN  4.43775        NaN
237Ala       237Ala  177.76473  52.38738  19.14546   8.54894  4.27742  124.63832
238Met       238Met  175.89544  55.48441  32.90399   8.37917  4.41167  119.82062
239Thr       239Thr  173.03647  62.02754  69.45566   7.88704  3.88160  115.46265
240Asp       240Asp  176.10917  52.46576  40.16165   8.19865  4.53167  124.79536
241Tyr       241Tyr  177.24481  61.13832  38.55750   7.63663  4.11654  122.98333
242Ile       242Ile  179.48872  65.16227  37.94861   8.04085  3.61904  118.68248
243Gln       243Gln  179.02995  58.58098  28.12851   7.86360  4.02907  121.65514
244Leu       244Leu  179.42441  58.22895  42.00445   8.33686  4.13862  120.86000
245Leu       245Leu  177.97194  58.08475  40.93631   8.56566  4.20429  119.14549
246Ser       246Ser  177.10069  61.76633  62.69495   7.90451  4.06383  114.31395
247Glu       247Glu  179.52346  59.29340  29.27406   7.88867  4.06692  122.25105
248Ile       248Ile  177.56949  63.46363  37.11043   8.03316  3.80819  122.22676
249Ala       249Ala  179.91721  54.83305  18.87820   8.43793  2.05079  123.36734
250Lys       250Lys  179.20768  58.77332  32.31433   7.34752  3.95084  116.37670
251Glu       251Glu  178.62192  58.90568  30.15971   7.64089  4.02458  119.17605
252Gln       252Gln  177.01507  56.64118  29.08501   8.50723  4.26874  114.78770
253Gly       253Gly  174.19636  46.89648       NaN   7.85279      NaN  109.01201
254Phe       254Phe  172.35824  54.85549  41.22147   7.74318  4.99136  115.48036
255Asn       255Asn  174.52268  51.72927  41.49894   9.14551  5.04267  116.98344
256Ile       256Ile  175.59409  60.30265  41.49686   8.64477  4.75343  121.70585
257Thr       257Thr  172.81471  61.33070  71.10225   8.75636  4.47244  123.72407
258Tyr       258Tyr  175.11711  57.87965  40.14067   8.93478  4.91737  125.05083
259Leu       259Leu  174.83187  53.90068  43.93665   9.24272  4.65624  126.18208
260Asp       260Asp  175.65335  54.81653  40.79129   8.64833  4.74589  126.43015
261Ile       261Ile  176.51577  60.61223  38.20463   7.96834  4.15996  125.82428
262Asp       262Asp  176.49015  56.11273  40.95914   8.69298  4.49948  127.11623
263Glu       263Glu  177.18055  56.55330  30.66606   7.69239  4.26579  119.57770
264Leu       264Leu  178.24525  54.62230  42.49320   8.57799  4.40289  125.68159
265Ser       265Ser  175.72978  57.99790  64.66916   9.07215  4.26588  116.24886
266Ala       266Ala  178.23586  54.55767  18.26454   8.85061  4.15169  124.45510
267Asn       267Asn  175.80519  52.13045  37.91645   7.86896  4.77522  112.84273
268Gly       268Gly  173.77617  46.10771       NaN   8.14612      NaN  108.21636
269Gln       269Gln  175.66552  55.31092  29.98329   7.64909  4.43662  117.15961
270Tyr       270Tyr  176.03424  58.92320  38.93190   8.50371  4.47425  120.93712
271Gln       271Gln  174.56691  54.37848  34.33945   9.49681  5.41177  117.75430
272Cys       272Cys  172.69777  56.79586  30.25193   8.91709  5.20566  122.67115
273Arg       273Arg  173.71371  54.57426  33.76302   9.11468  4.81525  129.48484
274Ala       274Ala  174.97387  49.75262  20.49907   9.10095  5.08424  129.35793
275Glu       275Glu  175.29105  54.39664  32.16675   8.76836  5.02815  120.97350
276Leu       276Leu  178.67291  52.57260  42.87979   9.33980  5.44850  125.83369
277Ser       277Ser  177.28447  58.39721  62.54688   8.93509  4.61894  120.95097
278Thr       278Thr  173.10600  62.02074  70.71068   7.80642  4.05766  111.54707
279Ser       279Ser        NaN  54.14714  64.13741   8.52236  4.76083  114.16357
280Pro       280Pro  176.98146  63.21526  34.96376       NaN  4.87555        NaN
281Ile       281Ile  175.75218  63.04432  39.38802   8.51845  3.94763  122.56904
282Thr       282Thr  172.38456  62.50180  70.27810   7.79357  4.25607  123.56532
283Val       283Val  175.88525  61.13691  33.54385   8.51930  4.79223  127.15634
284Cys       284Cys  172.37676  57.20164  31.87807   9.06785  4.76490  124.67190
285His       285His  174.38682  55.91606  32.80117   8.89942  5.45958  121.66434
286Gly       286Gly  172.66940  44.46173       NaN   8.96253      NaN  108.68958
287Ser       287Ser  173.90344  56.93829  67.01693  10.06826  5.92356  116.59740
288Gly       288Gly  172.59250  46.33535       NaN   8.70174      NaN  106.11263
289Ile       289Ile  174.54670  62.59613  38.51639   8.69861  4.59933  113.51787
290Ser       290Ser        NaN       NaN  66.76913       NaN      NaN        NaN
290Ser       290Ser  174.06414  55.66313       NaN   7.64927  4.22345  112.74573
291Cys       291Cys  177.93929  62.20115  26.10775   8.75564  3.86267  121.97184
292Gly       292Gly  176.60595  46.95823       NaN   8.77872      NaN  109.06960
293Asn       293Asn  177.70765  55.96072  38.36324   7.93409  4.51670  121.56083
294Ala       294Ala  178.77169  55.41532  17.65579   8.14564  3.78354  123.70885
295Gln       295Gln  177.93819  59.16035  27.49553   7.75446  4.20287  118.81571
296Ser       296Ser  176.35718  62.00377  62.98194   7.99977  4.14855  113.54367
297Asp       297Asp  177.89464  57.71081  42.99255   8.24649  4.57593  120.69352
298Ala       298Ala  179.43030  55.54973  17.59400   8.33385  3.90085  122.31191
299Ala       299Ala  179.55111  55.15044  18.07254   8.42995  4.08610  119.90964
300His       300His  177.23805  58.38206  28.50973   8.70860  3.75075  118.04396
301Asn       301Asn  178.38007  56.11947  37.24254   8.55832  4.39110  118.91839
302Ala       302Ala  179.08769  55.73978  18.80434   8.66927  4.47853  126.36793
303Leu       303Leu  179.92351  58.21284  42.27255   8.51045  3.96582  118.53999
304Gln       304Gln  179.11516  58.68032  28.95041   7.96817  4.18927  118.05483
305Tyr       305Tyr  177.66332  61.53498  38.23520   8.30951  4.12851  123.31863
306Leu       306Leu  177.48051  56.25662  42.28893   8.32590  3.95321  117.37985
307Lys       307Lys  176.99729  58.10783  30.43594   7.71419  3.98321  116.15875
308Ile       308Ile  177.86036  62.15536  37.55548   7.87833  3.91835  118.97260
309Ile       309Ile  176.22122  61.15820  38.72673   7.36352  4.09442  117.20921
310Ala       310Ala  177.92656  52.85169  19.37850   8.04517  4.25862  125.09127
311Glu       311Glu  176.40468  56.64269  30.33994   8.11019  4.22997  119.06213
312Arg       312Arg  175.27993  56.27505  30.61202   8.12109  4.32574  122.27361
313Lys       313Lys        NaN  57.61654  33.75884   7.96833  4.16104  128.41778

