Res_N    Res_type    SS_resid    SS_resname    CA       CA_pred    HA       HA_pred    H        H_pred    CB       CB_pred    C        C_pred    N        N_pred    Log_prob
28       I           283         Val           61.1369  59.4824    4.79223  4.2687     8.5193   8.0038    33.5438  37.1218    175.885  173.789   127.156  122.856   -19.6862
30       N           238         Met           55.4844  54.0137    4.41167  4.2663     8.37917  8.5958    32.904   37.0812    175.895  174.125   119.821  114.733   -18.4533
31       T           239         Thr           62.0275  61.2624    3.8816   4.2746     7.88704  7.2081    69.4557  70.271     173.036  172.804   115.463  114.529   -6.7805
32       D           240         Asp           52.4658  52.4381    4.53167  4.5474     8.19865  8.2245    40.1617  40.4303    176.109  176.196   124.795  128.281   -5.21554
33       Y           241         Tyr           61.1383  61.5209    4.11654  4.2422     7.63663  7.8116    38.5575  37.406     177.245  178.195   122.983  124.869   -5.56996
34       I           242         Ile           65.1623  65.587     3.61904  3.752      8.04085  8.0554    37.9486  37.8132    179.489  178.622   118.682  118.346   -4.83273
35       Q           243         Gln           58.581   58.3392    4.02907  4.1145     7.8636   8.1005    28.1285  28.4014    179.03   178.256   121.655  119.649   -5.09264
36       L           303         Leu           58.2128  58.1711    3.96582  3.956      8.51045  8.41      42.2726  41.5672    179.924  179.927   118.54   120.02    -4.48492
37       L           245         Leu           58.0847  57.9662    4.20429  4.0435     8.56566  8.5666    40.9363  41.4213    177.972  178.534   119.145  119.45    -4.70932
38       S           246         Ser           61.7663  61.8295    4.06383  4.0693     7.90451  7.9916    62.6949  62.7807    177.101  177.14    114.314  115.244   -4.03216
39       E           247         Glu           59.2934  59.1952    4.06692  4.029      7.88867  7.9075    29.2741  29.4667    179.523  179.723   122.251  121.437   -4.10791
40       I           248         Ile           63.4636  65.3961    3.80819  3.6669     8.03316  7.9262    37.1104  37.9554    177.569  177.401   122.227  121.272   -6.74185
41       A           249         Ala           54.8331  54.6011    2.05079  2.3532     8.43793  8.4586    18.8782  17.841     179.917  178.694   123.367  122.415   -6.56292
42       K           307         Lys           58.1078  59.1886    3.98321  3.8864     7.71419  7.8264    30.4359  32.1502    176.997  178.643   116.159  116.327   -7.43692
43       E           251         Glu           58.9057  59.1794    4.02458  4.0589     7.64089  7.8101    30.1597  29.5387    178.622  178.46    119.176  120.597   -4.37675
44       Q           252         Gln           56.6412  55.4839    4.26874  4.4069     8.50723  8.1448    29.085   29.6863    177.015  176.292   114.788  114.754   -5.44055
45       G           253         Gly           46.8965  46.112     nan      3.9233     7.85279  7.8304    nan      nan        174.196  173.891   109.012  108.149   -8.42029
46       F           254         Phe           54.8555  55.7151    4.99136  4.9168     7.74318  7.2569    41.2215  41.4695    172.358  173.667   115.48   115.558   -5.99814
47       N           255         Asn           51.7293  52.0558    5.04267  4.9935     9.14551  8.9081    41.4989  40.0359    174.523  174.532   116.983  117.612   -5.32019
48       I           256         Ile           60.3026  60.2934    4.75343  4.9998     8.64477  8.3768    41.4969  39.9755    175.594  175.785   121.706  121.424   -6.14971
49       T           257         Thr           61.3307  61.5357    4.47244  4.5419     8.75636  8.6898    71.1022  70.8289    172.815  172.466   123.724  123.349   -4.2114
50       Y           258         Tyr           57.8796  57.7312    4.91737  5.1623     8.93478  8.7267    40.1407  39.2112    175.117  175.369   125.051  125.767   -5.32974
51       L           259         Leu           53.9007  53.8599    4.65624  4.6126     9.24272  8.9593    43.9367  41.8849    174.832  176.306   126.182  126.154   -7.22599
52       D           260         Asp           54.8165  54.2986    4.74589  4.7552     8.64833  8.5784    40.7913  41.3658    175.653  176.312   126.43   124.8     -4.69146
53       I           261         Ile           60.6122  60.4951    4.15996  4.1098     7.96834  8.6116    38.2046  37.2146    176.516  176.182   125.824  125.098   -5.92472
54       D           262         Asp           56.1127  56.4927    4.49948  4.4474     8.69298  8.5397    40.9591  40.9616    176.49   176.55    127.116  127.069   -4.12987
55       E           311         Glu           56.6427  56.972     4.22997  4.1257     8.11019  8.2555    30.3399  30.1241    176.405  176.222   119.062  118.752   -4.23572
56       L           264         Leu           54.6223  53.9821    4.40289  4.2906     8.57799  8.0582    42.4932  43.3573    178.245  177.026   125.682  122.421   -6.46566
57       S           265         Ser           57.9979  57.9032    4.26588  4.3807     9.07215  8.6008    64.6692  64.0316    175.73   176.204   116.249  115.5     -4.99454
58       A           266         Ala           54.5577  54.6999    4.15169  4.0674     8.85061  8.7311    18.2645  18.1462    178.236  178.448   124.455  124.262   -4.11723
59       N           267         Asn           52.1305  52.9392    4.77522  4.6896     7.86896  8.0071    37.9164  38.338     175.805  175.823   112.843  112.329   -4.56874
60       G           268         Gly           46.1077  45.7229    nan      3.8359     8.14612  8.0326    nan      nan        173.776  173.977   108.216  107.87    -8.11193
61       Q           269         Gln           55.3109  54.831     4.43662  4.7747     7.64909  7.9296    29.9833  30.8619    175.666  175.334   117.16   118.886   -5.76365
62       Y           270         Tyr           58.9232  59.0326    4.47425  4.3663     8.50371  8.9931    38.9319  39.3813    176.034  175.274   120.937  121.668   -5.04422
63       Q           271         Gln           54.3785  54.625     5.41177  5.3505     9.49681  8.674     34.3394  33.0449    174.567  174.333   117.754  120.265   -8.05709
64       C           285         His           55.9161  56.7099    5.45958  5.4524     8.89942  8.8464    32.8012  32.3603    174.387  172.478   121.664  119.319   -7.23983
65       R           273         Arg           54.5743  54.7992    4.81525  5.0688     9.11468  8.9294    33.763   32.246     173.714  174.937   129.485  124.723   -8.78083
66       A           274         Ala           49.7526  50.7145    5.08424  4.8413     9.10095  9.3544    20.4991  19.9793    174.974  176.284   129.358  127.974   -6.3318
67       E           275         Glu           54.3966  54.9202    5.02815  4.928      8.76836  9.0512    32.1668  31.3205    175.291  175.367   120.974  125.527   -6.01239
68       L           276         Leu           52.5726  53.6862    5.4485   5.1809     9.3398   9.1928    42.8798  42.4565    178.673  176.286   125.834  126.94    -7.89335
69       S           277         Ser           58.3972  58.4082    4.61894  4.4627     8.93509  8.9836    62.5469  62.888     177.284  174.816   120.951  119.736   -7.30986
70       T           278         Thr           62.0207  62.1904    4.05766  4.2051     7.80642  7.3874    70.7107  70.4683    173.106  173.259   111.547  115.313   -6.78503
71       S           279         Ser           54.1471  55.3661    4.76083  4.8043     8.52236  8.3109    64.1374  63.701     nan      172.301   114.164  115.83    -7.56272
73       I           281         Ile           63.0443  62.0446    3.94763  4.0774     8.51845  8.2996    39.388   38.3803    175.752  176       122.569  121.556   -5.20772
74       T           282         Thr           62.5018  61.7737    4.25607  4.4848     7.79357  8.0853    70.2781  71.1877    172.385  172.904   123.565  120.952   -5.98739
75       V           236         Pro           62.8219  61.1915    4.43775  4.6075     nan      8.3072    32.269   33.2696    176.443  175.358   nan      127.334   -10.472
76       C           284         Cys           57.2016  56.7981    4.7649   4.7415     9.06785  9.1823    31.8781  29.7072    172.377  172.961   124.672  126.411   -6.67947
77       H           272         Cys           56.7959  56.1781    5.20566  5.1003     8.91709  8.6991    30.2519  30.3623    172.698  174.474   122.671  124.162   -6.86699
78       G           286         Gly           44.4617  44.5965    nan      4.2761     8.96253  8.7763    nan      nan        172.669  171.345   108.69   111.822   -9.90008
79       S           287         Ser           56.9383  56.5886    5.92356  5.6074     10.0683  8.7297    67.0169  66.5127    173.903  173.62    116.597  112.471   -9.93399
80       G           288         Gly           46.3353  45.9357    nan      4.2241     8.70174  8.6271    nan      nan        172.593  172.857   106.113  108.796   -9.02991
81       I           289         Ile           62.5961  61.1853    4.59933  4.4188     8.69861  8.3954    38.5164  38.0466    174.547  175.22    113.518  115.695   -7.66697
82       S           290         Ser           55.6631  55.8686    4.22345  3.8166     7.64927  7.3756    66.7691  66.1523    174.064  173.632   112.746  111.559   -6.10615
83       C           291         Cys           62.2011  62.3989    3.86267  4.0603     8.75564  8.0704    26.1077  26.992     177.939  176.625   121.972  120.016   -6.82278
84       G           292         Gly           46.9582  47.3249    nan      3.67       8.77872  8.4298    nan      nan        176.606  176.56    109.07   106.948   -8.6616
85       N           293         Asn           55.9607  56.2605    4.5167   4.4294     7.93409  8.1254    38.3632  37.942     177.708  177.91    121.561  119.222   -5.06444
86       A           294         Ala           55.4153  55.2627    3.78354  3.8443     8.14564  8.2643    17.6558  18.1335    178.772  179.888   123.709  122.413   -4.89203
87       Q           295         Gln           59.1604  59.3698    4.20287  4.0142     7.75446  7.8236    27.4955  28.3901    177.938  178.358   118.816  117.548   -5.13703
88       S           296         Ser           62.0038  62.6024    4.14855  4.1591     7.99977  8.3673    62.9819  62.8895    176.357  176.124   113.544  115.476   -4.5832
89       D           297         Asp           57.7108  57.549     4.57593  4.3209     8.24649  8.4932    42.9926  41.4316    177.895  177.831   120.694  121.689   -5.91062
90       A           298         Ala           55.5497  55.3409    3.90085  3.942      8.33385  8.2859    17.594   18.5026    179.43   179.182   122.312  122.112   -4.38347
91       A           299         Ala           55.1504  55.152     4.0861   4.1592     8.42995  8.446     18.0725  18.4026    179.551  178.771   119.91   119.774   -4.33715
92       H           300         His           58.3821  59.4473    3.75075  3.7833     8.7086   8.4055    28.5097  29.3581    177.238  176.404   118.044  117.465   -5.68284
93       N           301         Asn           56.1195  56.1613    4.3911   4.2713     8.55832  8.3568    37.2425  37.7976    178.38   177.644   118.918  117.296   -4.77214
94       A           302         Ala           55.7398  55.4213    4.47853  4.0921     8.66927  8.3361    18.8043  18.4011    179.088  179.489   126.368  122.486   -7.35089
95       L           244         Leu           58.2289  57.91      4.13862  4.0194     8.33686  8.4476    42.0044  41.492     179.424  179.052   120.86   119.127   -4.8339
96       Q           304         Gln           58.6803  58.6553    4.18927  4.0271     7.96817  8.3311    28.9504  28.0244    179.115  178.622   118.055  118.216   -5.08142
97       Y           305         Tyr           61.535   61.7002    4.12851  4.2576     8.30951  8.4787    38.2352  38.0311    177.663  177.593   123.319  121.127   -4.95403
98       L           306         Leu           56.2566  57.8971    3.95321  3.7627     8.3259   8.6661    42.2889  41.5454    177.481  178.871   117.38   118.931   -6.81583
99       K           250         Lys           58.7733  59.2863    3.95084  3.8826     7.34752  7.7294    32.3143  32.2111    179.208  179.064   116.377  119.073   -4.73825
100      I           308         Ile           62.1554  64.6855    3.91835  3.8131     7.87833  7.6659    37.5555  38.133     177.86   178.122   118.973  119.959   -8.11406
101      I           309         Ile           61.1582  62.8625    4.09442  3.4947     7.36352  7.9963    38.7267  37.6672    176.221  176.89    117.209  118.452   -9.53395
102      X           237         Ala           52.3874  nan        4.27742  nan        8.54894  nan       19.1455  nan        177.765  nan       124.638  nan       -15.9577
103      E           263         Glu           56.5533  58.0383    4.26579  4.0289     7.69239  7.7137    30.6661  29.666     177.181  176.932   119.578  115.864   -8.03575
104      R           312         Arg           56.2751  56.0788    4.32574  4.4107     8.12109  8.2049    30.612   32.4198    175.28   175.493   122.274  117.836   -7.42899
105      K           313         Lys           57.6165  56.618     4.16104  4.3115     7.96833  7.4096    33.7588  33.1614    nan      177.371   128.418  121.9     -10.1909
nan      nan         280         Pro           63.2153  nan        4.87555  nan        nan      nan       34.9638  nan        176.981  nan       nan      nan       0
nan      nan         310         Ala           52.8517  nan        4.25862  nan        8.04517  nan       19.3785  nan        177.927  nan       125.091  nan       0