# Number of dimensions 3
#INAME 1 C
#INAME 2 H
#INAME 3 N
   1   7.970 125.835  60.638 1 T         -8.671e+07  0.00e+00 a   0    0    0    0 0
   2   7.967 125.833  54.849 1 T         -4.611e+07  0.00e+00 a   0    0    0    0 0
   3   7.966 125.805  40.753 1 T          3.601e+07  0.00e+00 a   0    0    0    0 0
   4   7.968 125.844  38.224 1 T          3.268e+07  0.00e+00 a   0    0    0    0 0
   5   8.437 123.374  63.468 1 T         -3.533e+07  0.00e+00 a   0    0    0    0 0
   6   8.437 123.368  54.843 1 T         -1.553e+08  0.00e+00 a   0    0    0    0 0
   7   8.438 123.369  18.920 1 T          2.366e+08  0.00e+00 a   0    0    0    0 0
   9   8.518 127.201  61.208 1 T         -8.575e+07  0.00e+00 a   0    0    0    0 0
  10   8.520 127.171  33.538 1 T          5.210e+07  0.00e+00 a   0    0    0    0 0
  11   8.515 127.112  62.311 1 T         -6.016e+07  0.00e+00 a   0    0    0    0 0
  12   8.310 123.331  61.581 1 T         -9.600e+07  0.00e+00 a   0    0    0    0 0
  13   8.311 123.319  38.235 1 T          1.096e+08  0.00e+00 a   0    0    0    0 0
  14   7.220 112.863  43.536 1 T         -1.808e+08  0.00e+00 a   0    0    0    0 0
  15   7.221 112.867  27.009 1 T          8.896e+07  0.00e+00 a   0    0    0    0 0
  16   8.710 118.074  55.163 1 T         -6.954e+07  0.00e+00 a   0    0    0    0 0
  17   8.708 118.047  28.479 1 T          9.881e+07  0.00e+00 a   0    0    0    0 0
  18   8.710 118.062  18.071 1 T          7.754e+07  0.00e+00 a   0    0    0    0 0
  19   8.707 118.059  58.364 1 T         -1.221e+08  0.00e+00 a   0    0    0    0 0
  20   8.040 118.665  65.172 1 T         -1.159e+08  0.00e+00 a   0    0    0    0 0
  21   8.044 118.689  61.161 1 T         -3.611e+07  0.00e+00 a   0    0    0    0 0
  22   8.040 118.683  37.948 1 T          4.654e+07  0.00e+00 a   0    0    0    0 0
  23   7.971 118.064  42.321 1 T          4.088e+07  0.00e+00 a   0    0    0    0 0
  24   7.969 118.063  58.657 1 T         -1.566e+08  0.00e+00 a   0    0    0    0 0
  25   7.969 118.059  28.915 1 T          1.294e+08  0.00e+00 a   0    0    0    0 0
  27   8.001 113.555  62.749 1 T          1.071e+08  0.00e+00 a   0    0    0    0 0
  28   7.998 113.516  62.138 1 T         -9.097e+07  0.00e+00 a   0    0    0    0 0
  30   7.998 113.549  27.466 1 T          4.781e+07  0.00e+00 a   0    0    0    0 0
  31   8.002 113.643  59.111 1 T         -2.932e+07  0.00e+00 a   0    0    0    0 0
  32   9.116 129.477  54.542 1 T         -9.983e+07  0.00e+00 a   0    0    0    0 0
  33   9.112 129.474  33.774 1 T          7.273e+07  0.00e+00 a   0    0    0    0 0
  34   9.105 129.377  20.560 1 T          7.162e+07  0.00e+00 a   0    0    0    0 0
  35   9.104 129.374  49.728 1 T         -7.677e+07  0.00e+00 a   0    0    0    0 0
  36   7.754 118.810  59.137 1 T         -1.113e+08  0.00e+00 a   0    0    0    0 0
  37   7.754 118.778  55.345 1 T         -4.532e+07  0.00e+00 a   0    0    0    0 0
  38   7.755 118.824  27.495 1 T          9.244e+07  0.00e+00 a   0    0    0    0 0
  39   7.753 118.818  17.644 1 T          6.381e+07  0.00e+00 a   0    0    0    0 0
  40   8.669 126.361  55.792 1 T         -1.523e+08  0.00e+00 a   0    0    0    0 0
  41   8.670 126.372  18.845 1 T          1.795e+08  0.00e+00 a   0    0    0    0 0
  44   7.889 122.260  59.311 1 T         -1.954e+08  0.00e+00 a   0    0    0    0 0
  45   7.887 122.248  29.343 1 T          1.095e+08  0.00e+00 a   0    0    0    0 0
  46   7.863 121.725  28.051 1 T          8.922e+07  0.00e+00 a   0    0    0    0 0
  47   7.863 121.624  65.189 1 T         -5.541e+07  0.00e+00 a   0    0    0    0 0
  48   7.863 121.631  58.532 1 T         -1.392e+08  0.00e+00 a   0    0    0    0 0
  49   8.110 119.073  56.655 1 T         -1.947e+08  0.00e+00 a   0    0    0    0 0
  50   8.111 119.044  52.856 1 T         -5.968e+07  0.00e+00 a   0    0    0    0 0
  51   8.111 119.068  30.362 1 T          1.424e+08  0.00e+00 a   0    0    0    0 0
  52   8.109 119.058  19.434 1 T          5.869e+07  0.00e+00 a   0    0    0    0 0
  53   7.887 115.459  69.480 1 T          8.702e+07  0.00e+00 a   0    0    0    0 0
  54   7.887 115.469  62.046 1 T         -1.815e+08  0.00e+00 a   0    0    0    0 0
  55   7.887 115.451  55.486 1 T         -1.180e+08  0.00e+00 a   0    0    0    0 0
  56   7.886 115.457  32.911 1 T          9.946e+07  0.00e+00 a   0    0    0    0 0
  57   8.850 124.444  57.937 1 T         -3.547e+07  0.00e+00 a   0    0    0    0 0
  58   8.850 124.450  54.593 1 T         -1.175e+08  0.00e+00 a   0    0    0    0 0
  59   8.851 124.459  18.303 1 T          1.564e+08  0.00e+00 a   0    0    0    0 0
  60   8.756 121.988  26.156 1 T          1.018e+08  0.00e+00 a   0    0    0    0 0
  61   8.755 121.972  62.218 1 T         -8.899e+07  0.00e+00 a   0    0    0    0 0
  62   9.242 126.179  57.899 1 T         -6.369e+07  0.00e+00 a   0    0    0    0 0
  63   9.242 126.187  53.870 1 T         -9.628e+07  0.00e+00 a   0    0    0    0 0
  64   9.243 126.183  43.974 1 T          6.568e+07  0.00e+00 a   0    0    0    0 0
  65   9.244 126.163  40.127 1 T          5.185e+07  0.00e+00 a   0    0    0    0 0
  66   8.702 106.121  56.951 1 T         -5.119e+07  0.00e+00 a   0    0    0    0 0
  67   8.702 106.110  46.384 1 T          2.835e+08  0.00e+00 a   0    0    0    0 0
  68   8.701 106.103  67.003 1 T          4.509e+07  0.00e+00 a   0    0    0    0 0
  69   7.692 119.573  56.480 1 T         -2.193e+08  0.00e+00 a   0    0    0    0 0
  70   7.693 119.573  40.934 1 T          6.898e+07  0.00e+00 a   0    0    0    0 0
  71   7.692 119.588  30.654 1 T          2.010e+08  0.00e+00 a   0    0    0    0 0
  72   7.868 112.847  54.488 1 T         -3.036e+07  0.00e+00 a   0    0    0    0 0
  74   7.868 112.838  37.939 1 T          8.697e+07  0.00e+00 a   0    0    0    0 0
  75   7.870 112.847  18.291 1 T          5.832e+07  0.00e+00 a   0    0    0    0 0
  76   7.868 112.830  52.171 1 T         -1.312e+08  0.00e+00 a   0    0    0    0 0
  77   8.692 127.109  60.568 1 T         -7.199e+07  0.00e+00 a   0    0    0    0 0
  78   8.694 127.120  56.153 1 T         -1.635e+08  0.00e+00 a   0    0    0    0 0
  80   8.693 127.106  40.942 1 T          1.651e+08  0.00e+00 a   0    0    0    0 0
  81   8.692 127.122  38.155 1 T          2.386e+07  0.00e+00 a   0    0    0    0 0
  82   7.852 109.028  56.673 1 T         -4.524e+07  0.00e+00 a   0    0    0    0 0
  83   7.853 109.022  46.939 1 T          1.476e+08  0.00e+00 a   0    0    0    0 0
  84   7.850 108.996  29.103 1 T          2.591e+07  0.00e+00 a   0    0    0    0 0
  86   9.147 116.983  41.467 1 T          1.741e+08  0.00e+00 a   0    0    0    0 0
  87   9.145 116.991  54.906 1 T         -4.180e+07  0.00e+00 a   0    0    0    0 0
  88   9.145 116.991  51.730 1 T         -1.488e+08  0.00e+00 a   0    0    0    0 0
  89   8.429 119.910  55.240 1 T         -1.561e+08  0.00e+00 a   0    0    0    0 0
  90   8.430 119.910  18.009 1 T          1.730e+08  0.00e+00 a   0    0    0    0 0
  92   8.523 114.158  62.109 1 T         -4.734e+07  0.00e+00 a   0    0    0    0 0
  93   8.521 114.160  70.674 1 T          3.415e+07  0.00e+00 a   0    0    0    0 0
  94   8.522 114.166  64.058 1 T          6.643e+07  0.00e+00 a   0    0    0    0 0
  97   8.522 114.175  54.120 1 T         -1.465e+08  0.00e+00 a   0    0    0    0 0
  99   9.341 125.829  54.432 1 T         -4.380e+07  0.00e+00 a   0    0    0    0 0
 100   9.340 125.851  52.581 1 T         -7.987e+07  0.00e+00 a   0    0    0    0 0
 101   9.338 125.852  42.905 1 T          5.578e+07  0.00e+00 a   0    0    0    0 0
 102   9.339 125.812  32.138 1 T          3.621e+07  0.00e+00 a   0    0    0    0 0
 103   7.824 112.860  43.790 1 T         -9.035e+07  0.00e+00 a   0    0    0    0 0
 104   7.823 112.868  27.945 1 T          4.235e+07  0.00e+00 a   0    0    0    0 0
 105   7.806 111.543  70.714 1 T          8.508e+07  0.00e+00 a   0    0    0    0 0
 106   7.805 111.551  61.987 1 T         -1.709e+08  0.00e+00 a   0    0    0    0 0
 107   7.806 111.557  58.393 1 T         -4.254e+07  0.00e+00 a   0    0    0    0 0
 109   8.326 117.370  56.284 1 T         -6.478e+07  0.00e+00 a   0    0    0    0 0
 110   8.326 117.400  42.324 1 T          6.390e+07  0.00e+00 a   0    0    0    0 0
 111   8.328 117.396  38.198 1 T          4.420e+07  0.00e+00 a   0    0    0    0 0
 112   8.325 117.368  61.490 1 T         -2.871e+07  0.00e+00 a   0    0    0    0 0
 113   8.935 120.932  62.543 1 T          4.050e+07  0.00e+00 a   0    0    0    0 0
 114   8.935 120.949  58.404 1 T         -1.246e+08  0.00e+00 a   0    0    0    0 0
 115   8.934 120.965  52.584 1 T         -7.852e+07  0.00e+00 a   0    0    0    0 0
 116   8.936 120.946  42.907 1 T          6.024e+07  0.00e+00 a   0    0    0    0 0
 117   8.340 120.855  28.139 1 T          2.669e+07  0.00e+00 a   0    0    0    0 0
 118   8.335 120.874  58.296 1 T         -1.174e+08  0.00e+00 a   0    0    0    0 0
 119   8.338 120.833  42.023 1 T          9.169e+07  0.00e+00 a   0    0    0    0 0
 120   8.921 122.708  56.737 1 T         -1.042e+08  0.00e+00 a   0    0    0    0 0
 121   8.916 122.666  54.369 1 T         -5.841e+07  0.00e+00 a   0    0    0    0 0
 122   8.917 122.671  34.351 1 T          3.538e+07  0.00e+00 a   0    0    0    0 0
 123   8.917 122.684  30.264 1 T          1.004e+08  0.00e+00 a   0    0    0    0 0
 124   8.511 118.530  58.246 1 T         -1.371e+08  0.00e+00 a   0    0    0    0 0
 125   8.512 118.560  55.745 1 T         -5.753e+07  0.00e+00 a   0    0    0    0 0
 126   8.511 118.537  42.303 1 T          1.180e+08  0.00e+00 a   0    0    0    0 0
 127   8.512 118.544  18.843 1 T          6.714e+07  0.00e+00 a   0    0    0    0 0
 128   8.769 120.968  54.384 1 T         -1.289e+08  0.00e+00 a   0    0    0    0 0
 129   8.768 120.971  49.724 1 T         -8.630e+07  0.00e+00 a   0    0    0    0 0
 130   8.767 120.976  32.145 1 T          8.848e+07  0.00e+00 a   0    0    0    0 0
 131   8.767 120.979  20.553 1 T          7.741e+07  0.00e+00 a   0    0    0    0 0
 132   8.122 122.271  56.376 1 T         -3.898e+08  0.00e+00 a   0    0    0    0 0
 133   8.122 122.273  30.589 1 T          2.560e+08  0.00e+00 a   0    0    0    0 0
 135   8.558 118.914  56.129 1 T         -1.662e+08  0.00e+00 a   0    0    0    0 0
 136   8.558 118.921  37.298 1 T          1.174e+08  0.00e+00 a   0    0    0    0 0
 137   8.560 118.935  28.494 1 T          4.134e+07  0.00e+00 a   0    0    0    0 0
 138   8.647 121.711  60.287 1 T         -8.155e+07  0.00e+00 a   0    0    0    0 0
 139   8.645 121.709  51.727 1 T         -6.576e+07  0.00e+00 a   0    0    0    0 0
 140   8.644 121.705  41.491 1 T          1.111e+08  0.00e+00 a   0    0    0    0 0
 143   8.550 124.630  62.827 1 T         -2.324e+08  0.00e+00 a   0    0    0    0 0
 144   8.550 124.646  52.372 1 T         -4.842e+08  0.00e+00 a   0    0    0    0 0
 145   8.550 124.638  32.318 1 T          1.989e+08  0.00e+00 a   0    0    0    0 0
 147   8.549 124.645  19.152 1 T          5.194e+08  0.00e+00 a   0    0    0    0 0
 149   8.699 113.528  62.597 1 T         -1.182e+08  0.00e+00 a   0    0    0    0 0
 150   8.698 113.507  46.390 1 T          1.307e+08  0.00e+00 a   0    0    0    0 0
 151   8.699 113.515  38.497 1 T          5.431e+07  0.00e+00 a   0    0    0    0 0
 152   8.034 122.240  63.465 1 T         -8.932e+07  0.00e+00 a   0    0    0    0 0
 153   8.033 122.234  59.300 1 T         -5.138e+07  0.00e+00 a   0    0    0    0 0
 154   8.035 122.223  29.356 1 T          2.957e+07  0.00e+00 a   0    0    0    0 0
 155   8.030 122.234  37.099 1 T          4.541e+07  0.00e+00 a   0    0    0    0 0
 156   7.714 116.145  58.097 1 T         -9.017e+07  0.00e+00 a   0    0    0    0 0
 157   7.713 116.166  30.416 1 T          4.485e+07  0.00e+00 a   0    0    0    0 0
 158   8.938 125.052  71.082 1 T          2.617e+07  0.00e+00 a   0    0    0    0 0
 159   8.934 125.055  57.870 1 T         -1.230e+08  0.00e+00 a   0    0    0    0 0
 160   8.935 125.053  40.120 1 T          8.952e+07  0.00e+00 a   0    0    0    0 0
 161   8.933 125.035  61.372 1 T         -5.604e+07  0.00e+00 a   0    0    0    0 0
 162   8.648 126.437  43.908 1 T          4.094e+07  0.00e+00 a   0    0    0    0 0
 163   8.646 126.421  40.797 1 T          9.040e+07  0.00e+00 a   0    0    0    0 0
 164   8.649 126.422  54.808 1 T         -8.430e+07  0.00e+00 a   0    0    0    0 0
 165   8.649 126.429  53.890 1 T         -5.339e+07  0.00e+00 a   0    0    0    0 0
 166   8.671 126.384  37.211 1 T          3.038e+07  0.00e+00 a   0    0    0    0 0
 167   8.148 108.230  52.154 1 T         -4.295e+07  0.00e+00 a   0    0    0    0 0
 168   8.148 108.209  37.934 1 T          2.922e+07  0.00e+00 a   0    0    0    0 0
 169   8.146 108.217  46.141 1 T          3.100e+08  0.00e+00 a   0    0    0    0 0
 170   8.380 119.818  55.496 1 T         -3.851e+08  0.00e+00 a   0    0    0    0 0
 172   8.380 119.840  52.352 1 T         -2.300e+08  0.00e+00 a   0    0    0    0 0
 175   8.379 119.818  32.896 1 T          2.859e+08  0.00e+00 a   0    0    0    0 0
 176   8.380 119.824  19.152 1 T          2.145e+08  0.00e+00 a   0    0    0    0 0
 178   8.334 122.317  55.551 1 T         -1.230e+08  0.00e+00 a   0    0    0    0 0
 179   8.337 122.351  42.985 1 T          4.060e+07  0.00e+00 a   0    0    0    0 0
 180   8.334 122.296  17.531 1 T          1.690e+08  0.00e+00 a   0    0    0    0 0
 181   8.332 122.294  57.701 1 T         -3.168e+07  0.00e+00 a   0    0    0    0 0
 183   7.348 116.381  32.330 1 T          1.620e+08  0.00e+00 a   0    0    0    0 0
 184   7.347 116.387  58.768 1 T         -1.860e+08  0.00e+00 a   0    0    0    0 0
 185   7.346 116.366  54.818 1 T         -5.254e+07  0.00e+00 a   0    0    0    0 0
 186   7.346 116.364  18.932 1 T          9.328e+07  0.00e+00 a   0    0    0    0 0
 187   8.510 114.776  30.118 1 T          3.661e+07  0.00e+00 a   0    0    0    0 0
 188   8.508 114.838  58.901 1 T         -4.855e+07  0.00e+00 a   0    0    0    0 0
 189   8.506 114.804  56.680 1 T         -2.033e+08  0.00e+00 a   0    0    0    0 0
 190   8.508 114.781  29.120 1 T          9.673e+07  0.00e+00 a   0    0    0    0 0
 192   7.364 117.201  38.767 1 T          1.205e+07  0.00e+00 a   0    0    0    0 0
 193   7.364 117.213  61.117 1 T         -2.340e+07  0.00e+00 a   0    0    0    0 0
 194   9.068 124.665  61.101 1 T         -6.677e+07  0.00e+00 a   0    0    0    0 0
 195   9.068 124.670  57.212 1 T         -1.574e+08  0.00e+00 a   0    0    0    0 0
 196   9.065 124.663  33.411 1 T          2.067e+07  0.00e+00 a   0    0    0    0 0
 197   9.069 124.677  31.859 1 T          1.413e+08  0.00e+00 a   0    0    0    0 0
 198   8.779 109.084  62.211 1 T         -3.002e+07  0.00e+00 a   0    0    0    0 0
 199   8.777 109.065  46.988 1 T          1.178e+08  0.00e+00 a   0    0    0    0 0
 200   8.780 109.082  26.165 1 T          3.747e+07  0.00e+00 a   0    0    0    0 0
 201   8.580 125.711  56.619 1 T         -7.525e+07  0.00e+00 a   0    0    0    0 0
 202   8.579 125.681  54.620 1 T         -1.463e+08  0.00e+00 a   0    0    0    0 0
 203   8.578 125.655  42.494 1 T          7.891e+07  0.00e+00 a   0    0    0    0 0
 204   8.580 125.683  30.641 1 T          5.814e+07  0.00e+00 a   0    0    0    0 0
 208   7.637 122.989  61.131 1 T         -1.038e+08  0.00e+00 a   0    0    0    0 0
 209   7.637 122.963  52.481 1 T         -5.134e+07  0.00e+00 a   0    0    0    0 0
 210   7.639 123.016  38.577 1 T          8.860e+07  0.00e+00 a   0    0    0    0 0
 211   7.634 122.969  40.073 1 T          2.648e+07  0.00e+00 a   0    0    0    0 0
 212   7.649 117.144  55.287 1 T         -1.531e+08  0.00e+00 a   0    0    0    0 0
 213   7.651 117.148  46.129 1 T          7.538e+07  0.00e+00 a   0    0    0    0 0
 214   7.649 117.186  30.023 1 T          1.176e+08  0.00e+00 a   0    0    0    0 0
 215   8.467 120.111  55.406 1 T         -3.602e+07  0.00e+00 a   0    0    0    0 0
 216   8.469 120.097  32.910 1 T          3.214e+07  0.00e+00 a   0    0    0    0 0
 217   8.469 120.178  19.176 1 T          2.707e+07  0.00e+00 a   0    0    0    0 0
 218   7.650 112.789  62.550 1 T         -2.480e+07  0.00e+00 a   0    0    0    0 0
 219   7.649 112.764  55.585 1 T         -1.290e+08  0.00e+00 a   0    0    0    0 0
 221   7.650 112.716  66.746 1 T          7.906e+07  0.00e+00 a   0    0    0    0 0
 222   9.078 116.247  54.612 1 T         -3.153e+07  0.00e+00 a   0    0    0    0 0
 223   9.072 116.260  64.641 1 T          9.086e+07  0.00e+00 a   0    0    0    0 0
 224   9.073 116.250  57.988 1 T         -9.418e+07  0.00e+00 a   0    0    0    0 0
 225   9.074 116.269  42.509 1 T          2.660e+07  0.00e+00 a   0    0    0    0 0
 226   7.793 123.561  62.563 1 T         -1.442e+08  0.00e+00 a   0    0    0    0 0
 227   7.794 123.582  39.366 1 T          2.942e+07  0.00e+00 a   0    0    0    0 0
 228   7.791 123.579  70.231 1 T          5.272e+07  0.00e+00 a   0    0    0    0 0
 229   9.497 117.796  58.840 1 T         -2.844e+07  0.00e+00 a   0    0    0    0 0
 230   9.497 117.793  39.034 1 T          3.279e+07  0.00e+00 a   0    0    0    0 0
 232   9.498 117.744  54.375 1 T         -8.578e+07  0.00e+00 a   0    0    0    0 0
 233   9.497 117.744  34.336 1 T          5.056e+07  0.00e+00 a   0    0    0    0 0
 234   8.503 120.949  58.948 1 T         -1.009e+08  0.00e+00 a   0    0    0    0 0
 235   8.504 120.951  38.924 1 T          9.427e+07  0.00e+00 a   0    0    0    0 0
 236   8.504 120.942  30.024 1 T          4.516e+07  0.00e+00 a   0    0    0    0 0
 239   8.501 120.922  55.267 1 T         -6.484e+07  0.00e+00 a   0    0    0    0 0
 241   8.246 120.692  62.613 1 T          3.944e+07  0.00e+00 a   0    0    0    0 0
 242   8.249 120.692  61.991 1 T         -3.981e+07  0.00e+00 a   0    0    0    0 0
 243   8.245 120.679  57.722 1 T         -1.125e+08  0.00e+00 a   0    0    0    0 0
 244   8.246 120.686  42.981 1 T          1.353e+08  0.00e+00 a   0    0    0    0 0
 245   8.046 125.094  52.860 1 T         -1.485e+08  0.00e+00 a   0    0    0    0 0
 246   8.045 125.100  19.442 1 T          1.520e+08  0.00e+00 a   0    0    0    0 0
 247   7.936 121.580  47.008 1 T          6.110e+07  0.00e+00 a   0    0    0    0 0
 248   7.933 121.551  55.975 1 T         -1.272e+08  0.00e+00 a   0    0    0    0 0
 249   7.934 121.565  38.339 1 T          1.195e+08  0.00e+00 a   0    0    0    0 0
 250   8.201 124.800  62.019 1 T         -5.096e+07  0.00e+00 a   0    0    0    0 0
 251   8.198 124.786  52.455 1 T         -7.048e+07  0.00e+00 a   0    0    0    0 0
 252   8.198 124.823  40.218 1 T          5.116e+07  0.00e+00 a   0    0    0    0 0
 253   7.878 118.969  62.165 1 T         -5.570e+07  0.00e+00 a   0    0    0    0 0
 254   7.880 119.011  58.102 1 T         -3.254e+07  0.00e+00 a   0    0    0    0 0
 255   7.878 118.965  37.588 1 T          3.578e+07  0.00e+00 a   0    0    0    0 0
 256   7.905 114.339  62.530 1 T          1.126e+08  0.00e+00 a   0    0    0    0 0
 257   7.904 114.299  61.751 1 T         -9.400e+07  0.00e+00 a   0    0    0    0 0
 258   7.905 114.350  58.100 1 T         -6.410e+07  0.00e+00 a   0    0    0    0 0
 259   7.906 114.323  40.936 1 T          3.514e+07  0.00e+00 a   0    0    0    0 0
 260   8.894 121.697  55.865 1 T         -8.373e+07  0.00e+00 a   0    0    0    0 0
 261   8.897 121.652  32.715 1 T          9.192e+07  0.00e+00 a   0    0    0    0 0
 262   8.566 119.176  40.914 1 T          1.067e+08  0.00e+00 a   0    0    0    0 0
 263   8.566 119.119  58.143 1 T         -1.766e+08  0.00e+00 a   0    0    0    0 0
 264   7.969 128.415  57.630 1 T         -6.252e+08  0.00e+00 a   0    0    0    0 0
 265   7.967 128.415  56.251 1 T         -2.012e+08  0.00e+00 a   0    0    0    0 0
 266   7.969 128.425  33.781 1 T          4.563e+08  0.00e+00 a   0    0    0    0 0
 267   7.969 128.420  30.666 1 T          1.375e+08  0.00e+00 a   0    0    0    0 0
 268   7.641 119.185  58.911 1 T         -2.020e+08  0.00e+00 a   0    0    0    0 0
 269   7.642 119.175  30.109 1 T          1.548e+08  0.00e+00 a   0    0    0    0 0
 270   8.146 123.706  55.464 1 T         -1.025e+08  0.00e+00 a   0    0    0    0 0
 271   8.146 123.713  17.653 1 T          1.470e+08  0.00e+00 a   0    0    0    0 0
 272   8.963 108.687  55.837 1 T         -4.170e+07  0.00e+00 a   0    0    0    0 0
 273   8.964 108.689  44.466 1 T          1.983e+08  0.00e+00 a   0    0    0    0 0
 274   8.963 108.699  32.701 1 T          4.739e+07  0.00e+00 a   0    0    0    0 0
 275   8.764 123.727  60.426 1 T         -4.859e+07  0.00e+00 a   0    0    0    0 0
 276   8.757 123.730  71.067 1 T          6.465e+07  0.00e+00 a   0    0    0    0 0
 277   8.756 123.714  61.367 1 T         -1.471e+08  0.00e+00 a   0    0    0    0 0
 278   8.753 123.718  41.473 1 T          2.134e+07  0.00e+00 a   0    0    0    0 0
 280   8.519 122.602  63.109 1 T         -1.823e+08  0.00e+00 a   0    0    0    0 0
 282   8.518 122.534  39.373 1 T          8.838e+07  0.00e+00 a   0    0    0    0 0
 283   8.516 122.526  34.985 1 T          5.895e+07  0.00e+00 a   0    0    0    0 0
 284  10.069 116.609  56.956 1 T         -1.524e+08  0.00e+00 a   0    0    0    0 0
 285  10.067 116.595  67.008 1 T          1.337e+08  0.00e+00 a   0    0    0    0 0
 286  10.068 116.588  44.465 1 T          6.836e+07  0.00e+00 a   0    0    0    0 0
 288   7.743 115.477  54.868 1 T         -1.767e+08  0.00e+00 a   0    0    0    0 0
 289   7.744 115.476  46.923 1 T          4.912e+07  0.00e+00 a   0    0    0    0 0
 290   7.743 115.486  41.217 1 T          1.790e+08  0.00e+00 a   0    0    0    0 0
 291   9.115 129.476  30.299 1 T          3.085e+07  0.00e+00 a   0    0    0    0 0
 292   9.116 129.504  56.739 1 T         -3.307e+07  0.00e+00 a   0    0    0    0 0
 293   7.510 113.882  41.483 1 T         -2.411e+07  0.00e+00 a   0    0    0    0 0
 294   7.509 113.817  51.726 1 T          1.382e+07  0.00e+00 a   0    0    0    0 0
 296   7.498 110.534  37.899 1 T         -1.829e+07  0.00e+00 a   0    0    0    0 0
 297   7.500 110.581  52.094 1 T          3.601e+06  0.00e+00 a   0    0    0    0 0
 300   6.748 110.408  37.906 1 T         -1.740e+07  0.00e+00 a   0    0    0    0 0
 301   6.751 110.447  52.016 1 T          4.699e+06  0.00e+00 a   0    0    0    0 0
 302   7.623 109.335  29.041 1 T          7.885e+06  0.00e+00 a   0    0    0    0 0
 303   7.623 109.329  34.393 1 T         -2.467e+07  0.00e+00 a   0    0    0    0 0
 305   6.663 109.298  29.137 1 T          2.768e+06  0.00e+00 a   0    0    0    0 0
 308   6.663 109.368  34.397 1 T         -1.151e+07  0.00e+00 a   0    0    0    0 0
 310   7.127 111.214  35.280 1 T         -6.504e+06  0.00e+00 a   0    0    0    0 0
 311   7.186 111.225  35.330 1 T         -1.185e+07  0.00e+00 a   0    0    0    0 0
 312   7.185 111.134  34.672 1 T          5.164e+06  0.00e+00 a   0    0    0    0 0
 313   7.131 111.042  34.535 1 T          4.093e+06  0.00e+00 a   0    0    0    0 0
 314   6.939 110.220  32.984 1 T         -1.207e+07  0.00e+00 a   0    0    0    0 0
 315   6.948 110.266  27.466 1 T          3.859e+06  0.00e+00 a   0    0    0    0 0
 318   6.367 110.171  33.000 1 T         -1.183e+07  0.00e+00 a   0    0    0    0 0
 319   6.376 110.039  27.469 1 T          6.142e+06  0.00e+00 a   0    0    0    0 0
 320   8.132 113.980  37.168 1 T         -8.539e+06  0.00e+00 a   0    0    0    0 0
 322   7.016 113.899  37.213 1 T         -6.845e+06  0.00e+00 a   0    0    0    0 0
 323   7.022 113.866  56.080 1 T          6.575e+06  0.00e+00 a   0    0    0    0 0
 324   7.822 112.387  28.280 1 T          1.078e+07  0.00e+00 a   0    0    0    0 0
 329   7.822 112.241  33.494 1 T         -3.670e+07  0.00e+00 a   0    0    0    0 0
 330   6.783 112.169  33.424 1 T         -2.001e+07  0.00e+00 a   0    0    0    0 0
 332   6.787 112.132  28.181 1 T          8.420e+06  0.00e+00 a   0    0    0    0 0
 333   7.197 110.383  38.326 1 T         -1.078e+07  0.00e+00 a   0    0    0    0 0
 334   7.651 110.370  38.324 1 T         -9.750e+06  0.00e+00 a   0    0    0    0 0
 335   7.196 110.434  55.995 1 T          5.206e+06  0.00e+00 a   0    0    0    0 0
 337   7.645 110.560  55.862 1 T          4.074e+06  0.00e+00 a   0    0    0    0 0
 339   6.928 113.905  41.477 1 T         -1.765e+07  0.00e+00 a   0    0    0    0 0
 340   6.927 113.872  51.735 1 T          1.108e+07  0.00e+00 a   0    0    0    0 0
 341   6.835 110.127  34.307 1 T         -1.286e+07  0.00e+00 a   0    0    0    0 0
 343   6.880 110.185  34.194 1 T         -2.050e+07  0.00e+00 a   0    0    0    0 0
 344   6.878 110.199  28.906 1 T          1.471e+07  0.00e+00 a   0    0    0    0 0
 345   6.832 110.226  28.868 1 T          1.170e+07  0.00e+00 a   0    0    0    0 0
 347   7.335 110.573  29.849 1 T          9.174e+06  0.00e+00 a   0    0    0    0 0
 350   6.688 110.574  34.281 1 T         -1.049e+07  0.00e+00 a   0    0    0    0 0
 351   6.687 110.574  29.977 1 T          6.623e+06  0.00e+00 a   0    0    0    0 0
 352   7.334 110.562  34.312 1 T         -2.804e+07  0.00e+00 a   0    0    0    0 0
