      Assignment         w1         w2         w3       Height
I261CA-I261N-I261HN     60.638    125.835      7.970  -8.67E+07 
   ?-I261N-I261HN     54.849    125.833      7.967  -4.61E+07 
   ?-I261N-I261HN     40.753    125.805      7.966   3.60E+07 
I261CB-I261N-I261HN     38.224    125.844      7.968   3.27E+07 
I248CA-A249N-A249HN     63.468    123.374      8.437  -3.53E+07 
A249CA-A249N-A249HN     54.843    123.368      8.437  -1.55E+08 
A249CB-A249N-A249HN     18.920    123.369      8.438   2.37E+08 
V283CA-V283N-V283HN     61.208    127.201      8.518  -8.58E+07 
V283CB-V283N-V283HN     33.538    127.171      8.520   5.21E+07 
   ?-V283N-V283HN     62.311    127.112      8.515  -6.02E+07 
Y305CA-Y305N-Y305HN     61.581    123.331      8.310  -9.60E+07 
Y305CB-Y305N-Y305HN     38.235    123.319      8.311   1.10E+08 
R312CD-R312NE-R312HE     43.536    112.863      7.220  -1.81E+08 
R312CG-R312NE-R312HE     27.009    112.867      7.221   8.90E+07 
   ?-H300N-H300HN     55.163    118.074      8.710  -6.95E+07 
H300CB-H300N-H300HN     28.479    118.047      8.708   9.88E+07 
   ?-H300N-H300HN     18.071    118.062      8.710   7.75E+07 
H300CA-H300N-H300HN     58.364    118.059      8.707  -1.22E+08 
I242CA-I242N-I242HN     65.172    118.665      8.040  -1.16E+08 
Y241CA-I242N-I242HN     61.161    118.689      8.044  -3.61E+07 
I242CB-I242N-I242HN     37.948    118.683      8.040   4.65E+07 
   ?-Q304N-Q304HN     42.321    118.064      7.971   4.09E+07 
Q304CA-Q304N-Q304HN     58.657    118.063      7.969  -1.57E+08 
Q304CB-Q304N-Q304HN     28.915    118.059      7.969   1.29E+08 
   ?-S296N-S296HN     62.749    113.555      8.001   1.07E+08 
S296CA-S296N-S296HN     62.138    113.516      7.998  -9.10E+07 
   ?-S296N-S296HN     27.466    113.549      7.998   4.78E+07 
            ?-?-?     59.111    113.643      8.002  -2.93E+07 
R273CA-R273N-R273HN     54.542    129.477      9.116  -9.98E+07 
R273CB-R273N-R273HN     33.774    129.474      9.112   7.27E+07 
A274CB-A274N-A274HN     20.560    129.377      9.105   7.16E+07 
A274CA-A274N-A274HN     49.728    129.374      9.104  -7.68E+07 
Q295CA-Q295N-Q295HN     59.137    118.810      7.754  -1.11E+08 
   ?-Q295N-Q295HN     55.345    118.778      7.754  -4.53E+07 
Q295CB-Q295N-Q295HN     27.495    118.824      7.755   9.24E+07 
   ?-Q295N-Q295HN     17.644    118.818      7.753   6.38E+07 
A302CA-A302N-A302HN     55.792    126.361      8.669  -1.52E+08 
A302CB-A302N-A302HN     18.845    126.372      8.670   1.80E+08 
E247CA-E247N-E247HN     59.311    122.260      7.889  -1.95E+08 
E247CB-E247N-E247HN     29.343    122.248      7.887   1.09E+08 
Q243CB-Q243N-Q243HN     28.051    121.725      7.863   8.92E+07 
I242CA-Q243N-Q243HN     65.189    121.624      7.863  -5.54E+07 
Q243CA-Q243N-Q243HN     58.532    121.631      7.863  -1.39E+08 
E311CA-E311N-E311HN     56.655    119.073      8.110  -1.95E+08 
   ?-E311N-E311HN     52.856    119.044      8.111  -5.97E+07 
E311CB-E311N-E311HN     30.362    119.068      8.111   1.42E+08 
   ?-E311N-E311HN     19.434    119.058      8.109   5.87E+07 
T239CB-T239N-T239HN     69.480    115.459      7.887   8.70E+07 
T239CA-T239N-T239HN     62.046    115.469      7.887  -1.81E+08 
   ?-T239N-T239HN     55.486    115.451      7.887  -1.18E+08 
M238CB-T239N-T239HN     32.911    115.457      7.886   9.95E+07 
   ?-A266N-A266HN     57.937    124.444      8.850  -3.55E+07 
A266CA-A266N-A266HN     54.593    124.450      8.850  -1.17E+08 
A266CB-A266N-A266HN     18.303    124.459      8.851   1.56E+08 
C291CB-C291N-C291HN     26.156    121.988      8.756   1.02E+08 
C291CA-C291N-C291HN     62.218    121.972      8.755  -8.90E+07 
   ?-L259N-L259HN     57.899    126.179      9.242  -6.37E+07 
L259CA-L259N-L259HN     53.870    126.187      9.242  -9.63E+07 
L259CB-L259N-L259HN     43.974    126.183      9.243   6.57E+07 
   ?-L259N-L259HN     40.127    126.163      9.244   5.18E+07 
   ?-G288N-G288HN     56.951    106.121      8.702  -5.12E+07 
G288CA-G288N-G288HN     46.384    106.110      8.702   2.83E+08 
   ?-G288N-G288HN     67.003    106.103      8.701   4.51E+07 
E263CA-E263N-E263HN     56.480    119.573      7.692  -2.19E+08 
   ?-E263N-E263HN     40.934    119.573      7.693   6.90E+07 
E263CB-E263N-E263HN     30.654    119.588      7.692   2.01E+08 
   ?-N267N-N267HN     54.488    112.847      7.868  -3.04E+07 
N267CB-N267N-N267HN     37.939    112.838      7.868   8.70E+07 
   ?-N267N-N267HN     18.291    112.847      7.870   5.83E+07 
N267CA-N267N-N267HN     52.171    112.830      7.868  -1.31E+08 
   ?-D262N-D262HN     60.568    127.109      8.692  -7.20E+07 
D262CA-D262N-D262HN     56.153    127.120      8.694  -1.64E+08 
D262CB-D262N-D262HN     40.942    127.106      8.693   1.65E+08 
   ?-D262N-D262HN     38.155    127.122      8.692   2.39E+07 
   ?-G253N-G253HN     56.673    109.028      7.852  -4.52E+07 
G253CA-G253N-G253HN     46.939    109.022      7.853   1.48E+08 
   ?-G253N-G253HN     29.103    108.996      7.850   2.59E+07 
N255CB-N255N-N255HN     41.467    116.983      9.147   1.74E+08 
   ?-N255N-N255HN     54.906    116.991      9.145  -4.18E+07 
N255CA-N255N-N255HN     51.730    116.991      9.145  -1.49E+08 
A299CA-A299N-A299HN     55.240    119.910      8.429  -1.56E+08 
A299CB-A299N-A299HN     18.009    119.910      8.430   1.73E+08 
   ?-S279N-S279HN     62.109    114.158      8.523  -4.73E+07 
   ?-S279N-S279HN     70.674    114.160      8.521   3.41E+07 
S279CB-S279N-S279HN     64.058    114.166      8.522   6.64E+07 
S279CA-S279N-S279HN     54.120    114.175      8.522  -1.46E+08 
   ?-L276N-L276HN     54.432    125.829      9.341  -4.38E+07 
L276CA-L276N-L276HN     52.581    125.851      9.340  -7.99E+07 
L276CB-L276N-L276HN     42.905    125.852      9.338   5.58E+07 
   ?-L276N-L276HN     32.138    125.812      9.339   3.62E+07 
R273CD-R273NE-R273HE     43.790    112.860      7.824  -9.04E+07 
R273CG-R273NE-R273HE     27.945    112.868      7.823   4.23E+07 
T278CB-T278N-T278HN     70.714    111.543      7.806   8.51E+07 
T278CA-T278N-T278HN     61.987    111.551      7.805  -1.71E+08 
   ?-T278N-T278HN     58.393    111.557      7.806  -4.25E+07 
L306CA-L306N-L306HN     56.284    117.370      8.326  -6.48E+07 
L306CB-L306N-L306HN     42.324    117.400      8.326   6.39E+07 
   ?-L306N-L306HN     38.198    117.396      8.328   4.42E+07 
   ?-L306N-L306HN     61.490    117.368      8.325  -2.87E+07 
S277CB-S277N-S277HN     62.543    120.932      8.935   4.05E+07 
S277CA-S277N-S277HN     58.404    120.949      8.935  -1.25E+08 
   ?-S277N-S277HN     52.584    120.965      8.934  -7.85E+07 
   ?-S277N-S277HN     42.907    120.946      8.936   6.02E+07 
Q243CB-L244N-L244HN     28.139    120.855      8.340   2.67E+07 
L244CA-L244N-L244HN     58.296    120.874      8.335  -1.17E+08 
L244CB-L244N-L244HN     42.023    120.833      8.338   9.17E+07 
C272CA-C272N-C272HN     56.737    122.708      8.921  -1.04E+08 
   ?-C272N-C272HN     54.369    122.666      8.916  -5.84E+07 
   ?-C272N-C272HN     34.351    122.671      8.917   3.54E+07 
C272CB-C272N-C272HN     30.264    122.684      8.917   1.00E+08 
L303CA-L303N-L303HN     58.246    118.530      8.511  -1.37E+08 
   ?-L303N-L303HN     55.745    118.560      8.512  -5.75E+07 
L303CB-L303N-L303HN     42.303    118.537      8.511   1.18E+08 
   ?-L303N-L303HN     18.843    118.544      8.512   6.71E+07 
E275CA-E275N-E275HN     54.384    120.968      8.769  -1.29E+08 
   ?-E275N-E275HN     49.724    120.971      8.768  -8.63E+07 
E275CB-E275N-E275HN     32.145    120.976      8.767   8.85E+07 
   ?-E275N-E275HN     20.553    120.979      8.767   7.74E+07 
R312CA-R312N-R312HN     56.376    122.271      8.122  -3.90E+08 
R312CB-R312N-R312HN     30.589    122.273      8.122   2.56E+08 
N301CA-N301N-N301HN     56.129    118.914      8.558  -1.66E+08 
N301CB-N301N-N301HN     37.298    118.921      8.558   1.17E+08 
   ?-N301N-N301HN     28.494    118.935      8.560   4.13E+07 
I256CA-I256N-I256HN     60.287    121.711      8.647  -8.16E+07 
   ?-I256N-I256HN     51.727    121.709      8.645  -6.58E+07 
I256CB-I256N-I256HN     41.491    121.705      8.644   1.11E+08 
   ?-A237N-A237HN     62.827    124.630      8.550  -2.32E+08 
A237CA-A237N-A237HN     52.372    124.646      8.550  -4.84E+08 
   ?-A237N-A237HN     32.318    124.638      8.550   1.99E+08 
A237CB-A237N-A237HN     19.152    124.645      8.549   5.19E+08 
I289CA-I289N-I289HN     62.597    113.528      8.699  -1.18E+08 
   ?-I289N-I289HN     46.390    113.507      8.698   1.31E+08 
I289CB-I289N-I289HN     38.497    113.515      8.699   5.43E+07 
I248CA-I248N-I248HN     63.465    122.240      8.034  -8.93E+07 
   ?-I248N-I248HN     59.300    122.234      8.033  -5.14E+07 
E247CB-I248N-I248HN     29.356    122.223      8.035   2.96E+07 
I248CB-I248N-I248HN     37.099    122.234      8.030   4.54E+07 
K307CA-K307N-K307HN     58.097    116.145      7.714  -9.02E+07 
K307CB-K307N-K307HN     30.416    116.166      7.713   4.48E+07 
   ?-Y258N-Y258HN     71.082    125.052      8.938   2.62E+07 
Y258CA-Y258N-Y258HN     57.870    125.055      8.934  -1.23E+08 
Y258CB-Y258N-Y258HN     40.120    125.053      8.935   8.95E+07 
   ?-Y258N-Y258HN     61.372    125.035      8.933  -5.60E+07 
   ?-D260N-D260HN     43.908    126.437      8.648   4.09E+07 
D260CB-D260N-D260HN     40.797    126.421      8.646   9.04E+07 
D260CA-D260N-D260HN     54.808    126.422      8.649  -8.43E+07 
   ?-D260N-D260HN     53.890    126.429      8.649  -5.34E+07 
   ?-A302N-A302HN     37.211    126.384      8.671   3.04E+07 
   ?-G268N-G268HN     52.154    108.230      8.148  -4.29E+07 
   ?-G268N-G268HN     37.934    108.209      8.148   2.92E+07 
G268CA-G268N-G268HN     46.141    108.217      8.146   3.10E+08 
M238CA-M238N-M238HN     55.496    119.818      8.380  -3.85E+08 
   ?-M238N-M238HN     52.352    119.840      8.380  -2.30E+08 
M238CB-M238N-M238HN     32.896    119.818      8.379   2.86E+08 
   ?-M238N-M238HN     19.152    119.824      8.380   2.15E+08 
A298CA-A298N-A298HN     55.551    122.317      8.334  -1.23E+08 
   ?-A298N-A298HN     42.985    122.351      8.337   4.06E+07 
A298CB-A298N-A298HN     17.531    122.296      8.334   1.69E+08 
   ?-A298N-A298HN     57.701    122.294      8.332  -3.17E+07 
K250CB-K250N-K250HN     32.330    116.381      7.348   1.62E+08 
K250CA-K250N-K250HN     58.768    116.387      7.347  -1.86E+08 
   ?-K250N-K250HN     54.818    116.366      7.346  -5.25E+07 
   ?-K250N-K250HN     18.932    116.364      7.346   9.33E+07 
E251CB-Q252N-Q252HN     30.118    114.776      8.510   3.66E+07 
   ?-Q252N-Q252HN     58.901    114.838      8.508  -4.85E+07 
Q252CA-Q252N-Q252HN     56.680    114.804      8.506  -2.03E+08 
Q252CB-Q252N-Q252HN     29.120    114.781      8.508   9.67E+07 
I309CB-I309N-I309HN     38.767    117.201      7.364   1.20E+07 
I309CA-I309N-I309HN     61.117    117.213      7.364  -2.34E+07 
   ?-C284N-C284HN     61.101    124.665      9.068  -6.68E+07 
C284CA-C284N-C284HN     57.212    124.670      9.068  -1.57E+08 
   ?-C284N-C284HN     33.411    124.663      9.065   2.07E+07 
C284CB-C284N-C284HN     31.859    124.677      9.069   1.41E+08 
   ?-G292N-G292HN     62.211    109.084      8.779  -3.00E+07 
G292CA-G292N-G292HN     46.988    109.065      8.777   1.18E+08 
   ?-G292N-G292HN     26.165    109.082      8.780   3.75E+07 
   ?-L264N-L264HN     56.619    125.711      8.580  -7.53E+07 
L264CA-L264N-L264HN     54.620    125.681      8.579  -1.46E+08 
L264CB-L264N-L264HN     42.494    125.655      8.578   7.89E+07 
   ?-L264N-L264HN     30.641    125.683      8.580   5.81E+07 
Y241CA-Y241N-Y241HN     61.131    122.989      7.637  -1.04E+08 
   ?-Y241N-Y241HN     52.481    122.963      7.637  -5.13E+07 
Y241CB-Y241N-Y241HN     38.577    123.016      7.639   8.86E+07 
D240CB-Y241N-Y241HN     40.073    122.969      7.634   2.65E+07 
Q269CA-Q269N-Q269HN     55.287    117.144      7.649  -1.53E+08 
   ?-Q269N-Q269HN     46.129    117.148      7.651   7.54E+07 
Q269CB-Q269N-Q269HN     30.023    117.186      7.649   1.18E+08 
            ?-?-?     55.406    120.111      8.467  -3.60E+07 
            ?-?-?     32.910    120.097      8.469   3.21E+07 
            ?-?-?     19.176    120.178      8.469   2.71E+07 
   ?-S290N-S290HN     62.550    112.789      7.650  -2.48E+07 
S290CA-S290N-S290HN     55.585    112.764      7.649  -1.29E+08 
S290CB-S290N-S290HN     66.746    112.716      7.650   7.91E+07 
   ?-S265N-S265HN     54.612    116.247      9.078  -3.15E+07 
S265CB-S265N-S265HN     64.641    116.260      9.072   9.09E+07 
S265CA-S265N-S265HN     57.988    116.250      9.073  -9.42E+07 
   ?-S265N-S265HN     42.509    116.269      9.074   2.66E+07 
T282CA-T282N-T282HN     62.563    123.561      7.793  -1.44E+08 
   ?-T282N-T282HN     39.366    123.582      7.794   2.94E+07 
T282CB-T282N-T282HN     70.231    123.579      7.791   5.27E+07 
   ?-Q271N-Q271HN     58.840    117.796      9.497  -2.84E+07 
   ?-Q271N-Q271HN     39.034    117.793      9.497   3.28E+07 
Q271CA-Q271N-Q271HN     54.375    117.744      9.498  -8.58E+07 
Q271CB-Q271N-Q271HN     34.336    117.744      9.497   5.06E+07 
Y270CA-Y270N-Y270HN     58.948    120.949      8.503  -1.01E+08 
Y270CB-Y270N-Y270HN     38.924    120.951      8.504   9.43E+07 
   ?-Y270N-Y270HN     30.024    120.942      8.504   4.52E+07 
   ?-Y270N-Y270HN     55.267    120.922      8.501  -6.48E+07 
   ?-D297N-D297HN     62.613    120.692      8.246   3.94E+07 
S296CA-D297N-D297HN     61.991    120.692      8.249  -3.98E+07 
D297CA-D297N-D297HN     57.722    120.679      8.245  -1.13E+08 
D297CB-D297N-D297HN     42.981    120.686      8.246   1.35E+08 
A310CA-A310N-A310HN     52.860    125.094      8.046  -1.48E+08 
A310CB-A310N-A310HN     19.442    125.100      8.045   1.52E+08 
   ?-N293N-N293HN     47.008    121.580      7.936   6.11E+07 
N293CA-N293N-N293HN     55.975    121.551      7.933  -1.27E+08 
N293CB-N293N-N293HN     38.339    121.565      7.934   1.20E+08 
T239CA-D240N-D240HN     62.019    124.800      8.201  -5.10E+07 
D240CA-D240N-D240HN     52.455    124.786      8.198  -7.05E+07 
D240CB-D240N-D240HN     40.218    124.823      8.198   5.12E+07 
I308CA-I308N-I308HN     62.165    118.969      7.878  -5.57E+07 
   ?-I308N-I308HN     58.102    119.011      7.880  -3.25E+07 
I308CB-I308N-I308HN     37.588    118.965      7.878   3.58E+07 
S246CB-S246N-S246HN     62.530    114.339      7.905   1.13E+08 
S246CA-S246N-S246HN     61.751    114.299      7.904  -9.40E+07 
   ?-S246N-S246HN     58.100    114.350      7.905  -6.41E+07 
L245CB-S246N-S246HN     40.936    114.323      7.906   3.51E+07 
H285CA-H285N-H285HN     55.865    121.697      8.894  -8.37E+07 
H285CB-H285N-H285HN     32.715    121.652      8.897   9.19E+07 
L245CB-L245N-L245HN     40.914    119.176      8.566   1.07E+08 
L245CA-L245N-L245HN     58.143    119.119      8.566  -1.77E+08 
K313CA-K313N-K313HN     57.630    128.415      7.969  -6.25E+08 
R312CA-K313N-K313HN     56.251    128.415      7.967  -2.01E+08 
K313CB-K313N-K313HN     33.781    128.425      7.969   4.56E+08 
R312CB-K313N-K313HN     30.666    128.420      7.969   1.37E+08 
E251CA-E251N-E251HN     58.911    119.185      7.641  -2.02E+08 
E251CB-E251N-E251HN     30.109    119.175      7.642   1.55E+08 
A294CA-A294N-A294HN     55.464    123.706      8.146  -1.03E+08 
A294CB-A294N-A294HN     17.653    123.713      8.146   1.47E+08 
   ?-G286N-G286HN     55.837    108.687      8.963  -4.17E+07 
G286CA-G286N-G286HN     44.466    108.689      8.964   1.98E+08 
   ?-G286N-G286HN     32.701    108.699      8.963   4.74E+07 
   ?-T257N-T257HN     60.426    123.727      8.764  -4.86E+07 
T257CB-T257N-T257HN     71.067    123.730      8.757   6.46E+07 
T257CA-T257N-T257HN     61.367    123.714      8.756  -1.47E+08 
   ?-T257N-T257HN     41.473    123.718      8.753   2.13E+07 
I281CA-I281N-I281HN     63.109    122.602      8.519  -1.82E+08 
I281CB-I281N-I281HN     39.373    122.534      8.518   8.84E+07 
P280CB-I281N-I281HN     34.985    122.526      8.516   5.90E+07 
S287CA-S287N-S287HN     56.956    116.609     10.069  -1.52E+08 
S287CB-S287N-S287HN     67.008    116.595     10.067   1.34E+08 
   ?-S287N-S287HN     44.465    116.588     10.068   6.84E+07 
F254CA-F254N-F254HN     54.868    115.477      7.743  -1.77E+08 
   ?-F254N-F254HN     46.923    115.476      7.744   4.91E+07 
F254CB-F254N-F254HN     41.217    115.486      7.743   1.79E+08 
   ?-R273N-R273HN     30.299    129.476      9.115   3.08E+07 
   ?-R273N-R273HN     56.739    129.504      9.116  -3.31E+07 
N255CB-?-N255HD22     41.483    113.882      7.510  -2.41E+07 
N255CA-?-N255HD22     51.726    113.817      7.509   1.38E+07 
N267CB-?-N267HD22     37.899    110.534      7.498  -1.83E+07 
N267CA-?-N267HD22     52.094    110.581      7.500   3.60E+06 
N267CB-?-N267HD21     37.906    110.408      6.748  -1.74E+07 
N267CA-?-N267HD21     52.016    110.447      6.751   4.70E+06 
Q252CB-?-Q252HE22     29.041    109.335      7.623   7.88E+06 
     ?-?-Q252HE22     34.393    109.329      7.623  -2.47E+07 
Q252CB-?-Q252HE21     29.137    109.298      6.663   2.77E+06 
     ?-?-Q252HE21     34.397    109.368      6.663  -1.15E+07 
Q271CG-?-Q271HE21     35.280    111.214      7.127  -6.50E+06 
Q271CG-?-Q271HE22     35.330    111.225      7.186  -1.19E+07 
     ?-?-Q271HE22     34.672    111.134      7.185   5.16E+06 
     ?-?-Q271HE21     34.535    111.042      7.131   4.09E+06 
Q295CG-?-Q295HE21     32.984    110.220      6.939  -1.21E+07 
Q295CB-?-Q295HE21     27.466    110.266      6.948   3.86E+06 
Q295CG-?-Q295HE22     33.000    110.171      6.367  -1.18E+07 
Q295CB-?-Q295HE22     27.469    110.039      6.376   6.14E+06 
N301CB-?-N301HD21     37.168    113.980      8.132  -8.54E+06 
N301CB-?-N301HD22     37.213    113.899      7.016  -6.84E+06 
N301CA-?-N301HD22     56.080    113.866      7.022   6.58E+06 
Q243CB-?-Q243HE21     28.280    112.387      7.822   1.08E+07 
Q243CG-?-Q243HE21     33.494    112.241      7.822  -3.67E+07 
Q243CG-?-Q243HE22     33.424    112.169      6.783  -2.00E+07 
Q243CB-?-Q243HE22     28.181    112.132      6.787   8.42E+06 
N293CB-?-N293HD22     38.326    110.383      7.197  -1.08E+07 
N293CB-?-N293HD21     38.324    110.370      7.651  -9.75E+06 
N293CA-?-N293HD22     55.995    110.434      7.196   5.21E+06 
N293CA-?-N293HD21     55.862    110.560      7.645   4.07E+06 
N255CB-?-N255HD21     41.477    113.905      6.928  -1.76E+07 
N255CA-?-N255HD21     51.735    113.872      6.927   1.11E+07 
Q304CG-?-Q304HE22     34.307    110.127      6.835  -1.29E+07 
Q304CG-?-Q304HE21     34.194    110.185      6.880  -2.05E+07 
     ?-?-Q304HE21     28.906    110.199      6.878   1.47E+07 
     ?-?-Q304HE22     28.868    110.226      6.832   1.17E+07 
Q269CB-?-Q269HE22     29.849    110.573      7.335   9.17E+06 
Q269CG-?-Q269HE21     34.281    110.574      6.688  -1.05E+07 
Q269CB-?-Q269HE21     29.977    110.574      6.687   6.62E+06 
Q269CG-?-Q269HE22     34.312    110.562      7.334  -2.80E+07 
