      Assignment         w1         w2       Height
              ?-?      9.115    129.471   1.86E+08 
              ?-?      7.969    128.436   4.77E+08 
              ?-?      8.516    127.169   1.52E+08 
              ?-?      8.692    127.134   1.60E+08 
              ?-?      8.646    126.444   1.65E+08 
              ?-?      8.667    126.361   1.71E+08 
              ?-?      9.245    126.196   1.13E+08 
              ?-?      9.344    125.861   1.05E+08 
              ?-?      7.968    125.856   1.38E+08 
              ?-?      8.576    125.665   1.70E+08 
              ?-?      8.495    125.668   1.02E+07 
              ?-?      8.043    125.085   1.08E+08 
              ?-?      8.935    125.033   1.45E+08 
              ?-?      8.198    124.796   6.58E+07 
              ?-?      9.064    124.684   1.44E+08 
              ?-?      8.547    124.625   1.62E+08 
              ?-?      8.855    124.456   4.15E+07 
              ?-?      8.757    123.715   1.29E+08 
              ?-?      8.145    123.689   1.66E+08 
              ?-?      7.794    123.554   1.22E+08 
              ?-?      8.438    123.374   2.13E+08 
              ?-?      8.312    123.320   1.06E+08 
              ?-?      7.636    123.018   1.62E+08 
              ?-?      8.921    122.690   1.38E+08 
              ?-?      8.517    122.577   1.85E+08 
              ?-?      8.334    122.323   1.54E+08 
              ?-?      8.120    122.302   1.47E+08 
              ?-?      7.890    122.253   2.10E+08 
              ?-?      8.032    122.221   1.68E+08 
              ?-?      7.984    122.216   1.54E+07 
              ?-?      8.757    121.956   3.63E+07 
              ?-?      8.892    121.719   1.01E+08 
              ?-?      8.641    121.703   1.44E+08 
              ?-?      7.864    121.665   1.84E+08 
              ?-?      7.935    121.548   1.48E+08 
              ?-?      8.768    120.975   1.29E+08 
              ?-?      8.936    120.958   1.57E+08 
              ?-?      8.501    120.924   1.26E+08 
              ?-?      8.338    120.850   1.51E+08 
              ?-?      8.245    120.672   1.47E+08 
              ?-?      8.465    120.162   1.27E+07 
              ?-?      8.426    119.910   1.87E+08 
              ?-?      8.379    119.802   1.42E+08 
              ?-?      7.692    119.557   2.60E+08 
              ?-?      7.638    119.182   2.57E+08 
              ?-?      8.566    119.137   1.92E+08 
              ?-?      8.107    119.073   1.22E+08 
              ?-?      7.880    118.963   1.26E+08 
              ?-?      8.560    118.905   1.80E+08 
              ?-?      7.753    118.827   1.72E+08 
              ?-?      8.039    118.674   1.83E+08 
              ?-?      8.512    118.545   1.87E+08 
              ?-?      8.706    118.049   1.55E+08 
              ?-?      7.973    118.040   2.25E+08 
              ?-?      9.499    117.754   8.79E+07 
              ?-?      8.328    117.353   1.27E+08 
              ?-?      7.361    117.203   7.34E+07 
              ?-?      7.648    117.152   1.67E+08 
              ?-?      9.144    116.970   9.48E+07 
              ?-?     10.067    116.588   1.32E+08 
              ?-?      7.348    116.387   2.44E+08 
              ?-?      9.075    116.239   1.19E+08 
              ?-?      7.936    116.114   1.47E+07 
              ?-?      7.712    116.158   1.29E+08 
              ?-?      7.889    115.480   1.28E+08 
              ?-?      7.743    115.487   1.62E+08 
              ?-?      8.507    114.763   1.81E+08 
              ?-?      8.130    114.481   8.14E+07 
              ?-?      7.014    114.483   8.70E+07 
              ?-?      7.508    114.307   1.72E+08 
              ?-?      6.931    114.306   1.76E+08 
              ?-?      7.905    114.297   2.27E+08 
              ?-?      8.521    114.163   1.61E+08 
              ?-?      7.998    113.552   2.20E+08 
              ?-?      8.698    113.519   1.33E+08 
              ?-?      7.868    112.830   4.85E+07 
              ?-?      7.222    112.850   1.02E+07 
              ?-?      7.648    112.746   1.61E+08 
              ?-?      7.819    112.698   2.81E+08 
              ?-?      6.779    112.690   2.33E+08 
              ?-?      7.180    111.664   1.03E+08 
              ?-?      7.122    111.668   9.44E+07 
              ?-?      7.807    111.546   1.58E+08 
              ?-?      7.494    111.008   1.13E+08 
              ?-?      7.330    111.000   2.60E+08 
              ?-?      6.743    111.007   1.01E+08 
              ?-?      6.689    111.003   2.04E+08 
              ?-?      7.648    110.906   7.95E+07 
              ?-?      7.194    110.900   8.16E+07 
              ?-?      6.923    110.685   7.00E+07 
              ?-?      6.860    110.663   1.87E+08 
              ?-?      6.830    110.668   1.71E+08 
              ?-?      6.368    110.685   1.05E+08 
              ?-?      7.620    109.794   2.01E+08 
              ?-?      6.663    109.788   1.83E+08 
              ?-?      8.780    109.060   4.73E+07 
              ?-?      7.855    109.025   1.66E+08 
              ?-?      8.969    108.676   1.20E+08 
              ?-?      8.144    108.204   1.53E+08 
              ?-?      8.702    106.119   1.46E+08 
              ?-?      9.099    129.391   1.20E+08 
              ?-?      8.232    120.740   4.63E+07 
              ?-?      7.823    112.872   8.59E+07 
