# Number of dimensions 2
#INAME 1 H
#INAME 2 N
   1 129.471   9.115 1 T          1.856e+08  0.00e+00 a   0    0    0 0
   2 128.436   7.969 1 T          4.771e+08  0.00e+00 a   0    0    0 0
   3 127.169   8.516 1 T          1.521e+08  0.00e+00 a   0    0    0 0
   4 127.134   8.692 1 T          1.603e+08  0.00e+00 a   0    0    0 0
   5 126.444   8.646 1 T          1.653e+08  0.00e+00 a   0    0    0 0
   6 126.361   8.667 1 T          1.715e+08  0.00e+00 a   0    0    0 0
   7 126.196   9.245 1 T          1.129e+08  0.00e+00 a   0    0    0 0
   8 125.861   9.344 1 T          1.046e+08  0.00e+00 a   0    0    0 0
   9 125.856   7.968 1 T          1.382e+08  0.00e+00 a   0    0    0 0
  10 125.665   8.576 1 T          1.702e+08  0.00e+00 a   0    0    0 0
  11 125.668   8.495 1 T          1.016e+07  0.00e+00 a   0    0    0 0
  12 125.085   8.043 1 T          1.076e+08  0.00e+00 a   0    0    0 0
  13 125.033   8.935 1 T          1.445e+08  0.00e+00 a   0    0    0 0
  14 124.796   8.198 1 T          6.579e+07  0.00e+00 a   0    0    0 0
  15 124.684   9.064 1 T          1.436e+08  0.00e+00 a   0    0    0 0
  16 124.625   8.547 1 T          1.616e+08  0.00e+00 a   0    0    0 0
  17 124.456   8.855 1 T          4.151e+07  0.00e+00 a   0    0    0 0
  18 123.715   8.757 1 T          1.293e+08  0.00e+00 a   0    0    0 0
  19 123.689   8.145 1 T          1.665e+08  0.00e+00 a   0    0    0 0
  20 123.554   7.794 1 T          1.220e+08  0.00e+00 a   0    0    0 0
  21 123.374   8.438 1 T          2.134e+08  0.00e+00 a   0    0    0 0
  22 123.320   8.312 1 T          1.062e+08  0.00e+00 a   0    0    0 0
  23 123.018   7.636 1 T          1.621e+08  0.00e+00 a   0    0    0 0
  24 122.690   8.921 1 T          1.384e+08  0.00e+00 a   0    0    0 0
  25 122.577   8.517 1 T          1.847e+08  0.00e+00 a   0    0    0 0
  26 122.323   8.334 1 T          1.542e+08  0.00e+00 a   0    0    0 0
  27 122.302   8.120 1 T          1.473e+08  0.00e+00 a   0    0    0 0
  28 122.253   7.890 1 T          2.097e+08  0.00e+00 a   0    0    0 0
  29 122.221   8.032 1 T          1.679e+08  0.00e+00 a   0    0    0 0
  30 122.216   7.984 1 T          1.538e+07  0.00e+00 a   0    0    0 0
  31 121.956   8.757 1 T          3.631e+07  0.00e+00 a   0    0    0 0
  32 121.719   8.892 1 T          1.015e+08  0.00e+00 a   0    0    0 0
  33 121.703   8.641 1 T          1.442e+08  0.00e+00 a   0    0    0 0
  34 121.665   7.864 1 T          1.835e+08  0.00e+00 a   0    0    0 0
  35 121.548   7.935 1 T          1.481e+08  0.00e+00 a   0    0    0 0
  36 120.975   8.768 1 T          1.287e+08  0.00e+00 a   0    0    0 0
  37 120.958   8.936 1 T          1.569e+08  0.00e+00 a   0    0    0 0
  38 120.924   8.501 1 T          1.257e+08  0.00e+00 a   0    0    0 0
  39 120.850   8.338 1 T          1.512e+08  0.00e+00 a   0    0    0 0
  40 120.672   8.245 1 T          1.466e+08  0.00e+00 a   0    0    0 0
  41 120.162   8.465 1 T          1.270e+07  0.00e+00 a   0    0    0 0
  42 119.910   8.426 1 T          1.873e+08  0.00e+00 a   0    0    0 0
  43 119.802   8.379 1 T          1.420e+08  0.00e+00 a   0    0    0 0
  44 119.557   7.692 1 T          2.604e+08  0.00e+00 a   0    0    0 0
  45 119.182   7.638 1 T          2.573e+08  0.00e+00 a   0    0    0 0
  46 119.137   8.566 1 T          1.917e+08  0.00e+00 a   0    0    0 0
  47 119.073   8.107 1 T          1.224e+08  0.00e+00 a   0    0    0 0
  48 118.963   7.880 1 T          1.259e+08  0.00e+00 a   0    0    0 0
  49 118.905   8.560 1 T          1.803e+08  0.00e+00 a   0    0    0 0
  50 118.827   7.753 1 T          1.718e+08  0.00e+00 a   0    0    0 0
  51 118.674   8.039 1 T          1.832e+08  0.00e+00 a   0    0    0 0
  52 118.545   8.512 1 T          1.874e+08  0.00e+00 a   0    0    0 0
  53 118.049   8.706 1 T          1.553e+08  0.00e+00 a   0    0    0 0
  54 118.040   7.973 1 T          2.251e+08  0.00e+00 a   0    0    0 0
  55 117.754   9.499 1 T          8.789e+07  0.00e+00 a   0    0    0 0
  56 117.353   8.328 1 T          1.265e+08  0.00e+00 a   0    0    0 0
  57 117.203   7.361 1 T          7.336e+07  0.00e+00 a   0    0    0 0
  58 117.152   7.648 1 T          1.666e+08  0.00e+00 a   0    0    0 0
  59 116.970   9.144 1 T          9.480e+07  0.00e+00 a   0    0    0 0
  60 116.588  10.067 1 T          1.317e+08  0.00e+00 a   0    0    0 0
  61 116.387   7.348 1 T          2.440e+08  0.00e+00 a   0    0    0 0
  62 116.239   9.075 1 T          1.192e+08  0.00e+00 a   0    0    0 0
  63 116.114   7.936 1 T          1.467e+07  0.00e+00 a   0    0    0 0
  64 116.158   7.712 1 T          1.289e+08  0.00e+00 a   0    0    0 0
  65 115.480   7.889 1 T          1.285e+08  0.00e+00 a   0    0    0 0
  66 115.487   7.743 1 T          1.622e+08  0.00e+00 a   0    0    0 0
  67 114.763   8.507 1 T          1.812e+08  0.00e+00 a   0    0    0 0
  68 114.481   8.130 1 T          8.136e+07  0.00e+00 a   0    0    0 0
  69 114.483   7.014 1 T          8.696e+07  0.00e+00 a   0    0    0 0
  70 114.307   7.508 1 T          1.719e+08  0.00e+00 a   0    0    0 0
  71 114.306   6.931 1 T          1.758e+08  0.00e+00 a   0    0    0 0
  72 114.297   7.905 1 T          2.272e+08  0.00e+00 a   0    0    0 0
  73 114.163   8.521 1 T          1.613e+08  0.00e+00 a   0    0    0 0
  78 113.552   7.998 1 T          2.200e+08  0.00e+00 a   0    0    0 0
  79 113.519   8.698 1 T          1.331e+08  0.00e+00 a   0    0    0 0
  80 112.830   7.868 1 T          4.848e+07  0.00e+00 a   0    0    0 0
  81 112.850   7.222 1 T          1.017e+07  0.00e+00 a   0    0    0 0
  82 112.746   7.648 1 T          1.614e+08  0.00e+00 a   0    0    0 0
  83 112.698   7.819 1 T          2.809e+08  0.00e+00 a   0    0    0 0
  84 112.690   6.779 1 T          2.333e+08  0.00e+00 a   0    0    0 0
  87 111.664   7.180 1 T          1.026e+08  0.00e+00 a   0    0    0 0
  88 111.668   7.122 1 T          9.439e+07  0.00e+00 a   0    0    0 0
  89 111.546   7.807 1 T          1.577e+08  0.00e+00 a   0    0    0 0
  91 111.008   7.494 1 T          1.128e+08  0.00e+00 a   0    0    0 0
  92 111.000   7.330 1 T          2.603e+08  0.00e+00 a   0    0    0 0
  93 111.007   6.743 1 T          1.007e+08  0.00e+00 a   0    0    0 0
  94 111.003   6.689 1 T          2.040e+08  0.00e+00 a   0    0    0 0
  95 110.906   7.648 1 T          7.955e+07  0.00e+00 a   0    0    0 0
  96 110.900   7.194 1 T          8.159e+07  0.00e+00 a   0    0    0 0
  97 110.685   6.923 1 T          7.000e+07  0.00e+00 a   0    0    0 0
  98 110.663   6.860 1 T          1.866e+08  0.00e+00 a   0    0    0 0
  99 110.668   6.830 1 T          1.709e+08  0.00e+00 a   0    0    0 0
 100 110.685   6.368 1 T          1.053e+08  0.00e+00 a   0    0    0 0
 111 109.794   7.620 1 T          2.008e+08  0.00e+00 a   0    0    0 0
 112 109.788   6.663 1 T          1.826e+08  0.00e+00 a   0    0    0 0
 115 109.060   8.780 1 T          4.732e+07  0.00e+00 a   0    0    0 0
 116 109.025   7.855 1 T          1.658e+08  0.00e+00 a   0    0    0 0
 117 108.676   8.969 1 T          1.196e+08  0.00e+00 a   0    0    0 0
 118 108.204   8.144 1 T          1.530e+08  0.00e+00 a   0    0    0 0
 119 106.119   8.702 1 T          1.459e+08  0.00e+00 a   0    0    0 0
 120 129.391   9.099 1 T          1.199e+08  0.00e+00 a   0    0    0 0
 121 120.740   8.232 1 T          4.633e+07  0.00e+00 a   0    0    0 0
 122 112.872   7.823 1 T          8.589e+07  0.00e+00 a   0    0    0 0
