        H        N        CA       CA-1     CB       CB-1     CO       CO-1      HA
PR_236  -        -        62.8219  -        32.269   -        176.443  -        4.43775
PR_237  8.54894  124.638  52.3874  62.8219  19.1455  32.269   177.765  176.443  4.27742
PR_238  8.37917  119.821  55.4844  52.3874  32.904   19.1455  175.895  177.765  4.41167
PR_239  7.88704  115.463  62.0275  55.4844  69.4557  32.904   173.036  175.895  3.8816
PR_240  8.19865  124.795  52.4658  62.0275  40.1617  69.4557  176.109  173.036  4.53167
PR_241  7.63663  122.983  61.1383  52.4658  38.5575  40.1617  177.245  176.109  4.11654
PR_242  8.04085  118.682  65.1623  61.1383  37.9486  38.5575  179.489  177.245  3.61904
PR_243  7.8636   121.655  58.581   65.1623  28.1285  37.9486  179.03   179.489  4.02907
PR_244  8.33686  120.86   58.2289  58.581   42.0044  28.1285  179.424  179.03   4.13862
PR_245  8.56566  119.145  58.0847  58.2289  40.9363  42.0044  177.972  179.424  4.20429
PR_246  7.90451  114.314  61.7663  58.0847  62.6949  40.9363  177.101  177.972  4.06383
PR_247  7.88867  122.251  59.2934  61.7663  29.2741  62.6949  179.523  177.101  4.06692
PR_248  8.03316  122.227  63.4636  59.2934  37.1104  29.2741  177.569  179.523  3.80819
PR_249  8.43793  123.367  54.8331  63.4636  18.8782  37.1104  179.917  177.569  2.05079
PR_250  7.34752  116.377  58.7733  54.8331  32.3143  18.8782  179.208  179.917  3.95084
PR_251  7.64089  119.176  58.9057  58.7733  30.1597  32.3143  178.622  179.208  4.02458
PR_252  8.50723  114.788  56.6412  58.9057  29.085   30.1597  177.015  178.622  4.26874
PR_253  7.85279  109.012  46.8965  56.6412  -        29.085   174.196  177.015  -  
PR_254  7.74318  115.48   54.8555  46.8965  41.2215  -        172.358  174.196  4.99136
PR_255  9.14551  116.983  51.7293  54.8555  41.4989  41.2215  174.523  172.358  5.04267
PR_256  8.64477  121.706  60.3026  51.7293  41.4969  41.4989  175.594  174.523  4.75343
PR_257  8.75636  123.724  61.3307  60.3026  71.1022  41.4969  172.815  175.594  4.47244
PR_258  8.93478  125.051  57.8796  61.3307  40.1407  71.1022  175.117  172.815  4.91737
PR_259  9.24272  126.182  53.9007  57.8796  43.9367  40.1407  174.832  175.117  4.65624
PR_260  8.64833  126.43   54.8165  53.9007  40.7913  43.9367  175.653  174.832  4.74589
PR_261  7.96834  125.824  60.6122  54.8165  38.2046  40.7913  176.516  175.653  4.15996
PR_262  8.69298  127.116  56.1127  60.6122  40.9591  38.2046  176.49   176.516  4.49948
PR_263  7.69239  119.578  56.5533  56.1127  30.6661  40.9591  177.181  176.49   4.26579
PR_264  8.57799  125.682  54.6223  56.5533  42.4932  30.6661  178.245  177.181  4.40289
PR_265  9.07215  116.249  57.9979  54.6223  64.6692  42.4932  175.73   178.245  4.26588
PR_266  8.85061  124.455  54.5577  57.9979  18.2645  64.6692  178.236  175.73   4.15169
PR_267  7.86896  112.843  52.1305  54.5577  37.9164  18.2645  175.805  178.236  4.77522
PR_268  8.14612  108.216  46.1077  52.1305  -        37.9164  173.776  175.805  -  
PR_269  7.64909  117.16   55.3109  46.1077  29.9833  -        175.666  173.776  4.43662
PR_270  8.50371  120.937  58.9232  55.3109  38.9319  29.9833  176.034  175.666  4.47425
PR_271  9.49681  117.754  54.3785  58.9232  34.3394  38.9319  174.567  176.034  5.41177
PR_272  8.91709  122.671  56.7959  54.3785  30.2519  34.3394  172.698  174.567  5.20566
PR_273  9.11468  129.485  54.5743  56.7959  33.763   30.2519  173.714  172.698  4.81525
PR_274  9.10095  129.358  49.7526  54.5743  20.4991  33.763   174.974  173.714  5.08424
PR_275  8.76836  120.974  54.3966  49.7526  32.1668  20.4991  175.291  174.974  5.02815
PR_276  9.3398   125.834  52.5726  54.3966  42.8798  32.1668  178.673  175.291  5.4485
PR_277  8.93509  120.951  58.3972  52.5726  62.5469  42.8798  177.284  178.673  4.61894
PR_278  7.80642  111.547  62.0207  58.3972  70.7107  62.5469  173.106  177.284  4.05766
PR_279  8.52236  114.164  54.1471  62.0207  64.1374  70.7107  -        173.106  4.76083
PR_280  -        -        63.2153  54.1471  34.9638  64.1374  176.981  -        4.87555
PR_281  8.51845  122.569  63.0443  63.2153  39.388   34.9638  175.752  176.981  3.94763
PR_282  7.79357  123.565  62.5018  63.0443  70.2781  39.388   172.385  175.752  4.25607
PR_283  8.5193   127.156  61.1369  62.5018  33.5438  70.2781  175.885  172.385  4.79223
PR_284  9.06785  124.672  57.2016  61.1369  31.8781  33.5438  172.377  175.885  4.7649
PR_285  8.89942  121.664  55.9161  57.2016  32.8012  31.8781  174.387  172.377  5.45958
PR_286  8.96253  108.69   44.4617  55.9161  -        32.8012  172.669  174.387  -  
PR_287  10.0683  116.597  56.9383  44.4617  67.0169  -        173.903  172.669  5.92356
PR_288  8.70174  106.113  46.3353  56.9383  -        67.0169  172.593  173.903  -  
PR_289  8.69861  113.518  62.5961  46.3353  38.5164  -        174.547  172.593  4.59933
PR_290  7.64927  112.746  55.6631  62.5961  66.7691  38.5164  174.064  174.547  4.22345
PR_291  8.75564  121.972  62.2011  55.6631  26.1077  66.7691  177.939  174.064  3.86267
PR_292  8.77872  109.07   46.9582  62.2011  -        26.1077  176.606  177.939  -  
PR_293  7.93409  121.561  55.9607  46.9582  38.3632  -        177.708  176.606  4.5167
PR_294  8.14564  123.709  55.4153  55.9607  17.6558  38.3632  178.772  177.708  3.78354
PR_295  7.75446  118.816  59.1604  55.4153  27.4955  17.6558  177.938  178.772  4.20287
PR_296  7.99977  113.544  62.0038  59.1604  62.9819  27.4955  176.357  177.938  4.14855
PR_297  8.24649  120.694  57.7108  62.0038  42.9926  62.9819  177.895  176.357  4.57593
PR_298  8.33385  122.312  55.5497  57.7108  17.594   42.9926  179.43   177.895  3.90085
PR_299  8.42995  119.91   55.1504  55.5497  18.0725  17.594   179.551  179.43   4.0861
PR_300  8.7086   118.044  58.3821  55.1504  28.5097  18.0725  177.238  179.551  3.75075
PR_301  8.55832  118.918  56.1195  58.3821  37.2425  28.5097  178.38   177.238  4.3911
PR_302  8.66927  126.368  55.7398  56.1195  18.8043  37.2425  179.088  178.38   4.47853
PR_303  8.51045  118.54   58.2128  55.7398  42.2726  18.8043  179.924  179.088  3.96582
PR_304  7.96817  118.055  58.6803  58.2128  28.9504  42.2726  179.115  179.924  4.18927
PR_305  8.30951  123.319  61.535   58.6803  38.2352  28.9504  177.663  179.115  4.12851
PR_306  8.3259   117.38   56.2566  61.535   42.2889  38.2352  177.481  177.663  3.95321
PR_307  7.71419  116.159  58.1078  56.2566  30.4359  42.2889  176.997  177.481  3.98321
PR_308  7.87833  118.973  62.1554  58.1078  37.5555  30.4359  177.86   176.997  3.91835
PR_309  7.36352  117.209  61.1582  62.1554  38.7267  37.5555  176.221  177.86   4.09442
PR_310  8.04517  125.091  52.8517  61.1582  19.3785  38.7267  177.927  176.221  4.25862
PR_311  8.11019  119.062  56.6427  52.8517  30.3399  19.3785  176.405  177.927  4.22997
PR_312  8.12109  122.274  56.2751  56.6427  30.612   30.3399  175.28   176.405  4.32574
PR_313  7.96833  128.418  57.6165  56.2751  33.7588  30.612   -        175.28   4.16104
