   1 999.000 0.000 N     235
   2 999.000 0.000 CA    235
   3 999.000 0.000 HA1   235
   4 999.000 0.000 HA2   235
   5 999.000 0.000 QA    235
   6 999.000 0.000 C     235
   7 999.000 0.000 N     236
   8 999.000 0.000 CD    236
   9  62.837 0.000 CA    236
  10 999.000 0.000 HA    236
  11  32.296 0.000 CB    236
  12 999.000 0.000 HB2   236
  13 999.000 0.000 HB3   236
  14 999.000 0.000 QB    236
  15 999.000 0.000 CG    236
  16 999.000 0.000 HG2   236
  17 999.000 0.000 HG3   236
  18 999.000 0.000 QG    236
  19 999.000 0.000 HD2   236
  20 999.000 0.000 HD3   236
  21 999.000 0.000 QD    236
  22 176.443 0.000 C     236
  23 124.638 0.007 N     237
  24   8.549 0.001 HN    237
  25  52.400 0.029 CA    237
  26 999.000 0.000 HA    237
  27 999.000 0.000 QB    237
  28  19.160 0.009 CB    237
  29 999.000 0.000 HB1   237
  30 999.000 0.000 HB2   237
  31 999.000 0.000 HB3   237
  32 177.765 0.000 C     237
  33 119.821 0.010 N     238
  34   8.379 0.001 HN    238
  35  55.485 0.010 CA    238
  36 999.000 0.000 HA    238
  37  32.897 0.012 CB    238
  38 999.000 0.000 HB2   238
  39 999.000 0.000 HB3   238
  40 999.000 0.000 QB    238
  41 999.000 0.000 CG    238
  42 999.000 0.000 HG2   238
  43 999.000 0.000 HG3   238
  44 999.000 0.000 QG    238
  45 999.000 0.000 SD    238
  46 999.000 0.000 QE    238
  47 999.000 0.000 CE    238
  48 999.000 0.000 HE1   238
  49 999.000 0.000 HE2   238
  50 999.000 0.000 HE3   238
  51 175.895 0.000 C     238
  52 115.463 0.009 N     239
  53   7.887 0.001 HN    239
  54  62.048 0.024 CA    239
  55 999.000 0.000 HA    239
  56  69.469 0.011 CB    239
  57 999.000 0.000 HB    239
  58 999.000 0.000 QG2   239
  59 999.000 0.000 OG1   239
  60 999.000 0.000 HG1   239
  61 999.000 0.000 CG2   239
  62 999.000 0.000 HG21  239
  63 999.000 0.000 HG22  239
  64 999.000 0.000 HG23  239
  65 173.036 0.000 C     239
  66 124.795 0.015 N     240
  67   8.199 0.001 HN    240
  68  52.461 0.006 CA    240
  69 999.000 0.000 HA    240
  70  40.153 0.060 CB    240
  71 999.000 0.000 HB2   240
  72 999.000 0.000 HB3   240
  73 999.000 0.000 QB    240
  74 999.000 0.000 CG    240
  75 999.000 0.000 OD1   240
  76 999.000 0.000 OD2   240
  77 176.109 0.000 C     240
  78 122.983 0.021 N     241
  79   7.637 0.001 HN    241
  80  61.146 0.012 CA    241
  81 999.000 0.000 HA    241
  82  38.570 0.007 CB    241
  83 999.000 0.000 HB2   241
  84 999.000 0.000 HB3   241
  85 999.000 0.000 QB    241
  86 999.000 0.000 QD    241
  87 999.000 0.000 QE    241
  88 999.000 0.000 QR    241
  89 999.000 0.000 CG    241
  90 999.000 0.000 CD1   241
  91 999.000 0.000 HD1   241
  92 999.000 0.000 CE1   241
  93 999.000 0.000 HE1   241
  94 999.000 0.000 CZ    241
  95 999.000 0.000 CE2   241
  96 999.000 0.000 HE2   241
  97 999.000 0.000 CD2   241
  98 999.000 0.000 HD2   241
  99 999.000 0.000 OH    241
 100 999.000 0.000 HH    241
 101 177.245 0.000 C     241
 102 118.682 0.010 N     242
 103   8.041 0.001 HN    242
 104  65.172 0.014 CA    242
 105 999.000 0.000 HA    242
 106  37.934 0.014 CB    242
 107 999.000 0.000 HB    242
 108 999.000 0.000 QG2   242
 109 999.000 0.000 CG2   242
 110 999.000 0.000 HG21  242
 111 999.000 0.000 HG22  242
 112 999.000 0.000 HG23  242
 113 999.000 0.000 CG1   242
 114 999.000 0.000 HG12  242
 115 999.000 0.000 HG13  242
 116 999.000 0.000 QG1   242
 117 999.000 0.000 QD1   242
 118 999.000 0.000 CD1   242
 119 999.000 0.000 HD11  242
 120 999.000 0.000 HD12  242
 121 999.000 0.000 HD13  242
 122 179.489 0.000 C     242
 123 121.655 0.031 N     243
 124   7.864 0.001 HN    243
 125  58.580 0.048 CA    243
 126 999.000 0.000 HA    243
 127  28.164 0.074 CB    243
 128 999.000 0.000 HB2   243
 129 999.000 0.000 HB3   243
 130 999.000 0.000 QB    243
 131  33.459 0.035 CG    243
 132 999.000 0.000 HG2   243
 133 999.000 0.000 HG3   243
 134 999.000 0.000 QG    243
 135 179.781 0.018 CD    243
 136 999.000 0.000 OE1   243
 137 112.694 0.004 NE2   243
 138   7.820 0.002 HE21  243
 139   6.783 0.003 HE22  243
 140 999.000 0.000 QE2   243
 141 179.030 0.000 C     243
 142 120.860 0.017 N     244
 143   8.337 0.002 HN    244
 144  58.367 0.071 CA    244
 145 999.000 0.000 HA    244
 146  42.001 0.022 CB    244
 147 999.000 0.000 HB2   244
 148 999.000 0.000 HB3   244
 149 999.000 0.000 QB    244
 150 999.000 0.000 CG    244
 151 999.000 0.000 HG    244
 152 999.000 0.000 QD1   244
 153 999.000 0.000 QD2   244
 154 999.000 0.000 CD1   244
 155 999.000 0.000 HD11  244
 156 999.000 0.000 HD12  244
 157 999.000 0.000 HD13  244
 158 999.000 0.000 CD2   244
 159 999.000 0.000 HD21  244
 160 999.000 0.000 HD22  244
 161 999.000 0.000 HD23  244
 162 999.000 0.000 QQD   244
 163 179.424 0.000 C     244
 164 119.145 0.018 N     245
 165   8.566 0.000 HN    245
 166  58.122 0.021 CA    245
 167 999.000 0.000 HA    245
 168  40.945 0.029 CB    245
 169 999.000 0.000 HB2   245
 170 999.000 0.000 HB3   245
 171 999.000 0.000 QB    245
 172 999.000 0.000 CG    245
 173 999.000 0.000 HG    245
 174 999.000 0.000 QD1   245
 175 999.000 0.000 QD2   245
 176 999.000 0.000 CD1   245
 177 999.000 0.000 HD11  245
 178 999.000 0.000 HD12  245
 179 999.000 0.000 HD13  245
 180 999.000 0.000 CD2   245
 181 999.000 0.000 HD21  245
 182 999.000 0.000 HD22  245
 183 999.000 0.000 HD23  245
 184 999.000 0.000 QQD   245
 185 177.972 0.000 C     245
 186 114.314 0.020 N     246
 187   7.905 0.001 HN    246
 188  61.800 0.049 CA    246
 189 999.000 0.000 HA    246
 190  62.648 0.118 CB    246
 191 999.000 0.000 HB2   246
 192 999.000 0.000 HB3   246
 193 999.000 0.000 QB    246
 194 999.000 0.000 OG    246
 195 999.000 0.000 HG    246
 196 177.101 0.000 C     246
 197 122.251 0.005 N     247
 198   7.889 0.001 HN    247
 199  59.299 0.011 CA    247
 200 999.000 0.000 HA    247
 201  29.339 0.015 CB    247
 202 999.000 0.000 HB2   247
 203 999.000 0.000 HB3   247
 204 999.000 0.000 QB    247
 205 999.000 0.000 CG    247
 206 999.000 0.000 HG2   247
 207 999.000 0.000 HG3   247
 208 999.000 0.000 QG    247
 209 999.000 0.000 CD    247
 210 999.000 0.000 OE1   247
 211 999.000 0.000 OE2   247
 212 179.523 0.000 C     247
 213 122.227 0.008 N     248
 214   8.033 0.001 HN    248
 215  63.489 0.032 CA    248
 216 999.000 0.000 HA    248
 217  37.085 0.014 CB    248
 218 999.000 0.000 HB    248
 219 999.000 0.000 QG2   248
 220 999.000 0.000 CG2   248
 221 999.000 0.000 HG21  248
 222 999.000 0.000 HG22  248
 223 999.000 0.000 HG23  248
 224 999.000 0.000 CG1   248
 225 999.000 0.000 HG12  248
 226 999.000 0.000 HG13  248
 227 999.000 0.000 QG1   248
 228 999.000 0.000 QD1   248
 229 999.000 0.000 CD1   248
 230 999.000 0.000 HD11  248
 231 999.000 0.000 HD12  248
 232 999.000 0.000 HD13  248
 233 177.569 0.000 C     248
 234 123.367 0.006 N     249
 235   8.438 0.001 HN    249
 236  54.852 0.008 CA    249
 237 999.000 0.000 HA    249
 238 999.000 0.000 QB    249
 239  18.898 0.022 CB    249
 240 999.000 0.000 HB1   249
 241 999.000 0.000 HB2   249
 242 999.000 0.000 HB3   249
 243 179.917 0.000 C     249
 244 116.377 0.008 N     250
 245   7.348 0.001 HN    250
 246  58.799 0.031 CA    250
 247 999.000 0.000 HA    250
 248  32.320 0.010 CB    250
 249 999.000 0.000 HB2   250
 250 999.000 0.000 HB3   250
 251 999.000 0.000 QB    250
 252 999.000 0.000 CG    250
 253 999.000 0.000 HG2   250
 254 999.000 0.000 HG3   250
 255 999.000 0.000 QG    250
 256 999.000 0.000 CD    250
 257 999.000 0.000 HD2   250
 258 999.000 0.000 HD3   250
 259 999.000 0.000 QD    250
 260 999.000 0.000 CE    250
 261 999.000 0.000 HE2   250
 262 999.000 0.000 HE3   250
 263 999.000 0.000 QE    250
 264 999.000 0.000 NZ    250
 265 999.000 0.000 HZ1   250
 266 999.000 0.000 HZ2   250
 267 999.000 0.000 HZ3   250
 268 999.000 0.000 QZ    250
 269 179.208 0.000 C     250
 270 119.176 0.005 N     251
 271   7.641 0.001 HN    251
 272  58.911 0.001 CA    251
 273 999.000 0.000 HA    251
 274  30.151 0.042 CB    251
 275 999.000 0.000 HB2   251
 276 999.000 0.000 HB3   251
 277 999.000 0.000 QB    251
 278 999.000 0.000 CG    251
 279 999.000 0.000 HG2   251
 280 999.000 0.000 HG3   251
 281 999.000 0.000 QG    251
 282 999.000 0.000 CD    251
 283 999.000 0.000 OE1   251
 284 999.000 0.000 OE2   251
 285 178.622 0.000 C     251
 286 114.788 0.022 N     252
 287   8.507 0.001 HN    252
 288  56.693 0.014 CA    252
 289 999.000 0.000 HA    252
 290  29.106 0.013 CB    252
 291 999.000 0.000 HB2   252
 292 999.000 0.000 HB3   252
 293 999.000 0.000 QB    252
 294 999.000 0.000 CG    252
 295 999.000 0.000 HG2   252
 296 999.000 0.000 HG3   252
 297 999.000 0.000 QG    252
 298 999.000 0.000 CD    252
 299 999.000 0.000 OE1   252
 300 999.000 0.000 NE2   252
 301 999.000 0.000 HE21  252
 302 999.000 0.000 HE22  252
 303 999.000 0.000 QE2   252
 304 177.015 0.000 C     252
 305 109.012 0.012 N     253
 306   7.853 0.002 HN    253
 307  46.930 0.009 CA    253
 308 999.000 0.000 HA1   253
 309 999.000 0.000 HA2   253
 310 999.000 0.000 QA    253
 311 174.196 0.000 C     253
 312 115.480 0.005 N     254
 313   7.743 0.001 HN    254
 314  54.866 0.002 CA    254
 315 999.000 0.000 HA    254
 316  41.233 0.016 CB    254
 317 999.000 0.000 HB2   254
 318 999.000 0.000 HB3   254
 319 999.000 0.000 QB    254
 320 999.000 0.000 QD    254
 321 999.000 0.000 QE    254
 322 999.000 0.000 QR    254
 323 999.000 0.000 CG    254
 324 999.000 0.000 CD1   254
 325 999.000 0.000 HD1   254
 326 999.000 0.000 CE1   254
 327 999.000 0.000 HE1   254
 328 999.000 0.000 CZ    254
 329 999.000 0.000 HZ    254
 330 999.000 0.000 CE2   254
 331 999.000 0.000 HE2   254
 332 999.000 0.000 CD2   254
 333 999.000 0.000 HD2   254
 334 172.358 0.000 C     254
 335 116.983 0.007 N     255
 336   9.146 0.001 HN    255
 337  51.737 0.012 CA    255
 338 999.000 0.000 HA    255
 339  41.490 0.026 CB    255
 340 999.000 0.000 HB2   255
 341 999.000 0.000 HB3   255
 342 999.000 0.000 QB    255
 343 176.882 0.008 CG    255
 344 999.000 0.000 OD1   255
 345 114.306 0.000 ND2   255
 346   6.931 0.003 HD21  255
 347   7.509 0.001 HD22  255
 348 999.000 0.000 QD2   255
 349 174.523 0.000 C     255
 350 121.706 0.008 N     256
 351   8.645 0.002 HN    256
 352  60.316 0.029 CA    256
 353 999.000 0.000 HA    256
 354  41.480 0.012 CB    256
 355 999.000 0.000 HB    256
 356 999.000 0.000 QG2   256
 357 999.000 0.000 CG2   256
 358 999.000 0.000 HG21  256
 359 999.000 0.000 HG22  256
 360 999.000 0.000 HG23  256
 361 999.000 0.000 CG1   256
 362 999.000 0.000 HG12  256
 363 999.000 0.000 HG13  256
 364 999.000 0.000 QG1   256
 365 999.000 0.000 QD1   256
 366 999.000 0.000 CD1   256
 367 999.000 0.000 HD11  256
 368 999.000 0.000 HD12  256
 369 999.000 0.000 HD13  256
 370 175.594 0.000 C     256
 371 123.724 0.007 N     257
 372   8.756 0.003 HN    257
 373  61.353 0.014 CA    257
 374 999.000 0.000 HA    257
 375  71.099 0.032 CB    257
 376 999.000 0.000 HB    257
 377 999.000 0.000 QG2   257
 378 999.000 0.000 OG1   257
 379 999.000 0.000 HG1   257
 380 999.000 0.000 CG2   257
 381 999.000 0.000 HG21  257
 382 999.000 0.000 HG22  257
 383 999.000 0.000 HG23  257
 384 172.815 0.000 C     257
 385 125.051 0.010 N     258
 386   8.935 0.001 HN    258
 387  57.885 0.015 CA    258
 388 999.000 0.000 HA    258
 389  40.137 0.017 CB    258
 390 999.000 0.000 HB2   258
 391 999.000 0.000 HB3   258
 392 999.000 0.000 QB    258
 393 999.000 0.000 QD    258
 394 999.000 0.000 QE    258
 395 999.000 0.000 QR    258
 396 999.000 0.000 CG    258
 397 999.000 0.000 CD1   258
 398 999.000 0.000 HD1   258
 399 999.000 0.000 CE1   258
 400 999.000 0.000 HE1   258
 401 999.000 0.000 CZ    258
 402 999.000 0.000 CE2   258
 403 999.000 0.000 HE2   258
 404 999.000 0.000 CD2   258
 405 999.000 0.000 HD2   258
 406 999.000 0.000 OH    258
 407 999.000 0.000 HH    258
 408 175.117 0.000 C     258
 409 126.182 0.009 N     259
 410   9.243 0.001 HN    259
 411  53.894 0.024 CA    259
 412 999.000 0.000 HA    259
 413  43.972 0.001 CB    259
 414 999.000 0.000 HB2   259
 415 999.000 0.000 HB3   259
 416 999.000 0.000 QB    259
 417 999.000 0.000 CG    259
 418 999.000 0.000 HG    259
 419 999.000 0.000 QD1   259
 420 999.000 0.000 QD2   259
 421 999.000 0.000 CD1   259
 422 999.000 0.000 HD11  259
 423 999.000 0.000 HD12  259
 424 999.000 0.000 HD13  259
 425 999.000 0.000 CD2   259
 426 999.000 0.000 HD21  259
 427 999.000 0.000 HD22  259
 428 999.000 0.000 HD23  259
 429 999.000 0.000 QQD   259
 430 174.832 0.000 C     259
 431 126.430 0.007 N     260
 432   8.648 0.001 HN    260
 433  54.816 0.008 CA    260
 434 999.000 0.000 HA    260
 435  40.783 0.014 CB    260
 436 999.000 0.000 HB2   260
 437 999.000 0.000 HB3   260
 438 999.000 0.000 QB    260
 439 999.000 0.000 CG    260
 440 999.000 0.000 OD1   260
 441 999.000 0.000 OD2   260
 442 175.653 0.000 C     260
 443 125.824 0.019 N     261
 444   7.968 0.001 HN    261
 445  60.632 0.006 CA    261
 446 999.000 0.000 HA    261
 447  38.197 0.026 CB    261
 448 999.000 0.000 HB    261
 449 999.000 0.000 QG2   261
 450 999.000 0.000 CG2   261
 451 999.000 0.000 HG21  261
 452 999.000 0.000 HG22  261
 453 999.000 0.000 HG23  261
 454 999.000 0.000 CG1   261
 455 999.000 0.000 HG12  261
 456 999.000 0.000 HG13  261
 457 999.000 0.000 QG1   261
 458 999.000 0.000 QD1   261
 459 999.000 0.000 CD1   261
 460 999.000 0.000 HD11  261
 461 999.000 0.000 HD12  261
 462 999.000 0.000 HD13  261
 463 176.516 0.000 C     261
 464 127.116 0.010 N     262
 465   8.693 0.001 HN    262
 466  56.137 0.015 CA    262
 467 999.000 0.000 HA    262
 468  40.956 0.013 CB    262
 469 999.000 0.000 HB2   262
 470 999.000 0.000 HB3   262
 471 999.000 0.000 QB    262
 472 999.000 0.000 CG    262
 473 999.000 0.000 OD1   262
 474 999.000 0.000 OD2   262
 475 176.490 0.000 C     262
 476 119.578 0.010 N     263
 477   7.692 0.001 HN    263
 478  56.542 0.062 CA    263
 479 999.000 0.000 HA    263
 480  30.675 0.021 CB    263
 481 999.000 0.000 HB2   263
 482 999.000 0.000 HB3   263
 483 999.000 0.000 QB    263
 484 999.000 0.000 CG    263
 485 999.000 0.000 HG2   263
 486 999.000 0.000 HG3   263
 487 999.000 0.000 QG    263
 488 999.000 0.000 CD    263
 489 999.000 0.000 OE1   263
 490 999.000 0.000 OE2   263
 491 177.181 0.000 C     263
 492 125.682 0.016 N     264
 493   8.578 0.002 HN    264
 494  54.612 0.008 CA    264
 495 999.000 0.000 HA    264
 496  42.506 0.012 CB    264
 497 999.000 0.000 HB2   264
 498 999.000 0.000 HB3   264
 499 999.000 0.000 QB    264
 500 999.000 0.000 CG    264
 501 999.000 0.000 HG    264
 502 999.000 0.000 QD1   264
 503 999.000 0.000 QD2   264
 504 999.000 0.000 CD1   264
 505 999.000 0.000 HD11  264
 506 999.000 0.000 HD12  264
 507 999.000 0.000 HD13  264
 508 999.000 0.000 CD2   264
 509 999.000 0.000 HD21  264
 510 999.000 0.000 HD22  264
 511 999.000 0.000 HD23  264
 512 999.000 0.000 QQD   264
 513 178.245 0.000 C     264
 514 116.249 0.011 N     265
 515   9.072 0.003 HN    265
 516  58.011 0.023 CA    265
 517 999.000 0.000 HA    265
 518  64.684 0.044 CB    265
 519 999.000 0.000 HB2   265
 520 999.000 0.000 HB3   265
 521 999.000 0.000 QB    265
 522 999.000 0.000 OG    265
 523 999.000 0.000 HG    265
 524 175.730 0.000 C     265
 525 124.455 0.005 N     266
 526   8.851 0.002 HN    266
 527  54.576 0.017 CA    266
 528 999.000 0.000 HA    266
 529 999.000 0.000 QB    266
 530  18.288 0.015 CB    266
 531 999.000 0.000 HB1   266
 532 999.000 0.000 HB2   266
 533 999.000 0.000 HB3   266
 534 178.236 0.000 C     266
 535 112.843 0.008 N     267
 536   7.869 0.001 HN    267
 537  52.074 0.115 CA    267
 538 999.000 0.000 HA    267
 539  37.912 0.016 CB    267
 540 999.000 0.000 HB2   267
 541 999.000 0.000 HB3   267
 542 999.000 0.000 QB    267
 543 177.169 0.018 CG    267
 544 999.000 0.000 OD1   267
 545 111.008 0.000 ND2   267
 546   6.746 0.002 HD21  267
 547   7.497 0.002 HD22  267
 548 999.000 0.000 QD2   267
 549 175.805 0.000 C     267
 550 108.216 0.008 N     268
 551   8.146 0.001 HN    268
 552  46.126 0.016 CA    268
 553 999.000 0.000 HA1   268
 554 999.000 0.000 HA2   268
 555 999.000 0.000 QA    268
 556 173.776 0.000 C     268
 557 117.160 0.014 N     269
 558   7.649 0.001 HN    269
 559  55.328 0.041 CA    269
 560 999.000 0.000 HA    269
 561  29.961 0.067 CB    269
 562 999.000 0.000 HB2   269
 563 999.000 0.000 HB3   269
 564 999.000 0.000 QB    269
 565  34.296 0.015 CG    269
 566 999.000 0.000 HG2   269
 567 999.000 0.000 HG3   269
 568 999.000 0.000 QG    269
 569 179.905 0.006 CD    269
 570 999.000 0.000 OE1   269
 571 111.001 0.001 NE2   269
 572   6.690 0.003 HE21  269
 573   7.333 0.002 HE22  269
 574 999.000 0.000 QE2   269
 575 175.666 0.000 C     269
 576 120.937 0.011 N     270
 577   8.504 0.002 HN    270
 578  58.933 0.015 CA    270
 579 999.000 0.000 HA    270
 580  38.938 0.014 CB    270
 581 999.000 0.000 HB2   270
 582 999.000 0.000 HB3   270
 583 999.000 0.000 QB    270
 584 999.000 0.000 QD    270
 585 999.000 0.000 QE    270
 586 999.000 0.000 QR    270
 587 999.000 0.000 CG    270
 588 999.000 0.000 CD1   270
 589 999.000 0.000 HD1   270
 590 999.000 0.000 CE1   270
 591 999.000 0.000 HE1   270
 592 999.000 0.000 CZ    270
 593 999.000 0.000 CE2   270
 594 999.000 0.000 HE2   270
 595 999.000 0.000 CD2   270
 596 999.000 0.000 HD2   270
 597 999.000 0.000 OH    270
 598 999.000 0.000 HH    270
 599 176.034 0.000 C     270
 600 117.754 0.024 N     271
 601   9.497 0.001 HN    271
 602  54.371 0.005 CA    271
 603 999.000 0.000 HA    271
 604  34.327 0.009 CB    271
 605 999.000 0.000 HB2   271
 606 999.000 0.000 HB3   271
 607 999.000 0.000 QB    271
 608  35.305 0.025 CG    271
 609 999.000 0.000 HG2   271
 610 999.000 0.000 HG3   271
 611 999.000 0.000 QG    271
 612 180.712 0.027 CD    271
 613 999.000 0.000 OE1   271
 614 111.666 0.002 NE2   271
 615   7.129 0.005 HE21  271
 616   7.184 0.002 HE22  271
 617 999.000 0.000 QE2   271
 618 174.567 0.000 C     271
 619 122.671 0.020 N     272
 620   8.917 0.003 HN    272
 621  56.803 0.065 CA    272
 622 999.000 0.000 HA    272
 623  30.263 0.001 CB    272
 624 999.000 0.000 HB2   272
 625 999.000 0.000 HB3   272
 626 999.000 0.000 QB    272
 627 999.000 0.000 SG    272
 628 999.000 0.000 HG    272
 629 172.698 0.000 C     272
 630 129.485 0.011 N     273
 631   9.115 0.001 HN    273
 632  54.545 0.003 CA    273
 633 999.000 0.000 HA    273
 634  33.764 0.010 CB    273
 635 999.000 0.000 HB2   273
 636 999.000 0.000 HB3   273
 637 999.000 0.000 QB    273
 638 999.000 0.000 CG    273
 639 999.000 0.000 HG2   273
 640 999.000 0.000 HG3   273
 641 999.000 0.000 QG    273
 642 999.000 0.000 CD    273
 643 999.000 0.000 HD2   273
 644 999.000 0.000 HD3   273
 645 999.000 0.000 QD    273
 646 999.000 0.000 NE    273
 647 999.000 0.000 HE    273
 648 999.000 0.000 CZ    273
 649 999.000 0.000 NH1   273
 650 999.000 0.000 HH11  273
 651 999.000 0.000 HH12  273
 652 999.000 0.000 NH2   273
 653 999.000 0.000 HH21  273
 654 999.000 0.000 HH22  273
 655 999.000 0.000 QH2   273
 656 173.714 0.000 C     273
 657 129.358 0.026 N     274
 658   9.101 0.003 HN    274
 659  49.761 0.032 CA    274
 660 999.000 0.000 HA    274
 661 999.000 0.000 QB    274
 662  20.549 0.011 CB    274
 663 999.000 0.000 HB1   274
 664 999.000 0.000 HB2   274
 665 999.000 0.000 HB3   274
 666 174.974 0.000 C     274
 667 120.974 0.003 N     275
 668   8.768 0.001 HN    275
 669  54.409 0.025 CA    275
 670 999.000 0.000 HA    275
 671  32.173 0.028 CB    275
 672 999.000 0.000 HB2   275
 673 999.000 0.000 HB3   275
 674 999.000 0.000 QB    275
 675 999.000 0.000 CG    275
 676 999.000 0.000 HG2   275
 677 999.000 0.000 HG3   275
 678 999.000 0.000 QG    275
 679 999.000 0.000 CD    275
 680 999.000 0.000 OE1   275
 681 999.000 0.000 OE2   275
 682 175.291 0.000 C     275
 683 125.834 0.017 N     276
 684   9.340 0.002 HN    276
 685  52.557 0.025 CA    276
 686 999.000 0.000 HA    276
 687  42.890 0.015 CB    276
 688 999.000 0.000 HB2   276
 689 999.000 0.000 HB3   276
 690 999.000 0.000 QB    276
 691 999.000 0.000 CG    276
 692 999.000 0.000 HG    276
 693 999.000 0.000 QD1   276
 694 999.000 0.000 QD2   276
 695 999.000 0.000 CD1   276
 696 999.000 0.000 HD11  276
 697 999.000 0.000 HD12  276
 698 999.000 0.000 HD13  276
 699 999.000 0.000 CD2   276
 700 999.000 0.000 HD21  276
 701 999.000 0.000 HD22  276
 702 999.000 0.000 HD23  276
 703 999.000 0.000 QQD   276
 704 178.673 0.000 C     276
 705 120.951 0.009 N     277
 706   8.935 0.001 HN    277
 707  58.407 0.003 CA    277
 708 999.000 0.000 HA    277
 709  62.544 0.001 CB    277
 710 999.000 0.000 HB2   277
 711 999.000 0.000 HB3   277
 712 999.000 0.000 QB    277
 713 999.000 0.000 OG    277
 714 999.000 0.000 HG    277
 715 177.284 0.000 C     277
 716 111.547 0.005 N     278
 717   7.806 0.001 HN    278
 718  62.010 0.023 CA    278
 719 999.000 0.000 HA    278
 720  70.703 0.011 CB    278
 721 999.000 0.000 HB    278
 722 999.000 0.000 QG2   278
 723 999.000 0.000 OG1   278
 724 999.000 0.000 HG1   278
 725 999.000 0.000 CG2   278
 726 999.000 0.000 HG21  278
 727 999.000 0.000 HG22  278
 728 999.000 0.000 HG23  278
 729 173.106 0.000 C     278
 730 114.164 0.005 N     279
 731   8.522 0.001 HN    279
 732  54.120 0.000 CA    279
 733 999.000 0.000 HA    279
 734  64.058 0.000 CB    279
 735 999.000 0.000 HB2   279
 736 999.000 0.000 HB3   279
 737 999.000 0.000 QB    279
 738 999.000 0.000 OG    279
 739 999.000 0.000 HG    279
 740 999.000 0.000 C     279
 741 999.000 0.000 N     280
 742 999.000 0.000 CD    280
 743  63.190 0.081 CA    280
 744 999.000 0.000 HA    280
 745  34.978 0.006 CB    280
 746 999.000 0.000 HB2   280
 747 999.000 0.000 HB3   280
 748 999.000 0.000 QB    280
 749 999.000 0.000 CG    280
 750 999.000 0.000 HG2   280
 751 999.000 0.000 HG3   280
 752 999.000 0.000 QG    280
 753 999.000 0.000 HD2   280
 754 999.000 0.000 HD3   280
 755 999.000 0.000 QD    280
 756 176.981 0.000 C     280
 757 122.569 0.026 N     281
 758   8.518 0.001 HN    281
 759  63.091 0.018 CA    281
 760 999.000 0.000 HA    281
 761  39.362 0.011 CB    281
 762 999.000 0.000 HB    281
 763 999.000 0.000 QG2   281
 764 999.000 0.000 CG2   281
 765 999.000 0.000 HG21  281
 766 999.000 0.000 HG22  281
 767 999.000 0.000 HG23  281
 768 999.000 0.000 CG1   281
 769 999.000 0.000 HG12  281
 770 999.000 0.000 HG13  281
 771 999.000 0.000 QG1   281
 772 999.000 0.000 QD1   281
 773 999.000 0.000 CD1   281
 774 999.000 0.000 HD11  281
 775 999.000 0.000 HD12  281
 776 999.000 0.000 HD13  281
 777 175.752 0.000 C     281
 778 123.565 0.010 N     282
 779   7.794 0.001 HN    282
 780  62.511 0.052 CA    282
 781 999.000 0.000 HA    282
 782  70.267 0.036 CB    282
 783 999.000 0.000 HB    282
 784 999.000 0.000 QG2   282
 785 999.000 0.000 OG1   282
 786 999.000 0.000 HG1   282
 787 999.000 0.000 CG2   282
 788 999.000 0.000 HG21  282
 789 999.000 0.000 HG22  282
 790 999.000 0.000 HG23  282
 791 172.385 0.000 C     282
 792 127.156 0.029 N     283
 793   8.519 0.003 HN    283
 794  61.189 0.019 CA    283
 795 999.000 0.000 HA    283
 796  33.526 0.012 CB    283
 797 999.000 0.000 HB    283
 798 999.000 0.000 QG1   283
 799 999.000 0.000 QG2   283
 800 999.000 0.000 CG1   283
 801 999.000 0.000 HG11  283
 802 999.000 0.000 HG12  283
 803 999.000 0.000 HG13  283
 804 999.000 0.000 CG2   283
 805 999.000 0.000 HG21  283
 806 999.000 0.000 HG22  283
 807 999.000 0.000 HG23  283
 808 999.000 0.000 QQG   283
 809 175.885 0.000 C     283
 810 124.672 0.007 N     284
 811   9.068 0.002 HN    284
 812  57.202 0.011 CA    284
 813 999.000 0.000 HA    284
 814  31.878 0.019 CB    284
 815 999.000 0.000 HB2   284
 816 999.000 0.000 HB3   284
 817 999.000 0.000 QB    284
 818 999.000 0.000 SG    284
 819 999.000 0.000 HG    284
 820 172.377 0.000 C     284
 821 121.664 0.032 N     285
 822   8.899 0.005 HN    285
 823  55.849 0.016 CA    285
 824 999.000 0.000 HA    285
 825  32.695 0.021 CB    285
 826 999.000 0.000 HB2   285
 827 999.000 0.000 HB3   285
 828 999.000 0.000 QB    285
 829 999.000 0.000 CG    285
 830 999.000 0.000 ND1   285
 831 999.000 0.000 CD2   285
 832 999.000 0.000 HD1   285
 833 999.000 0.000 CE1   285
 834 999.000 0.000 NE2   285
 835 999.000 0.000 HD2   285
 836 999.000 0.000 HE1   285
 837 999.000 0.000 HE2   285
 838 108.690 0.007 N     286
 839   8.963 0.003 HN    286
 840  44.484 0.018 CA    286
 841 999.000 0.000 HA1   286
 842 999.000 0.000 HA2   286
 843 999.000 0.000 QA    286
 844 172.669 0.000 C     286
 845 116.597 0.008 N     287
 846  10.068 0.001 HN    287
 847  56.959 0.003 CA    287
 848 999.000 0.000 HA    287
 849  67.029 0.021 CB    287
 850 999.000 0.000 HB2   287
 851 999.000 0.000 HB3   287
 852 999.000 0.000 QB    287
 853 999.000 0.000 OG    287
 854 999.000 0.000 HG    287
 855 173.903 0.000 C     287
 856 106.113 0.006 N     288
 857   8.702 0.001 HN    288
 858  46.365 0.019 CA    288
 859 999.000 0.000 HA1   288
 860 999.000 0.000 HA2   288
 861 999.000 0.000 QA    288
 862 172.592 0.000 C     288
 863 113.518 0.006 N     289
 864   8.699 0.001 HN    289
 865  62.617 0.021 CA    289
 866 999.000 0.000 HA    289
 867  38.488 0.009 CB    289
 868 999.000 0.000 HB    289
 869 999.000 0.000 QG2   289
 870 999.000 0.000 CG2   289
 871 999.000 0.000 HG21  289
 872 999.000 0.000 HG22  289
 873 999.000 0.000 HG23  289
 874 999.000 0.000 CG1   289
 875 999.000 0.000 HG12  289
 876 999.000 0.000 HG13  289
 877 999.000 0.000 QG1   289
 878 999.000 0.000 QD1   289
 879 999.000 0.000 CD1   289
 880 999.000 0.000 HD11  289
 881 999.000 0.000 HD12  289
 882 999.000 0.000 HD13  289
 883 174.547 0.000 C     289
 884 112.746 0.022 N     290
 885   7.649 0.001 HN    290
 886  55.617 0.032 CA    290
 887 999.000 0.000 HA    290
 888  66.773 0.027 CB    290
 889 999.000 0.000 HB2   290
 890 999.000 0.000 HB3   290
 891 999.000 0.000 QB    290
 892 999.000 0.000 OG    290
 893 999.000 0.000 HG    290
 894 174.064 0.000 C     290
 895 121.972 0.010 N     291
 896   8.756 0.001 HN    291
 897  62.201 0.017 CA    291
 898 999.000 0.000 HA    291
 899  26.146 0.010 CB    291
 900 999.000 0.000 HB2   291
 901 999.000 0.000 HB3   291
 902 999.000 0.000 QB    291
 903 999.000 0.000 SG    291
 904 999.000 0.000 HG    291
 905 177.939 0.000 C     291
 906 109.070 0.009 N     292
 907   8.779 0.001 HN    292
 908  46.978 0.009 CA    292
 909 999.000 0.000 HA1   292
 910 999.000 0.000 HA2   292
 911 999.000 0.000 QA    292
 912 176.606 0.000 C     292
 913 121.561 0.010 N     293
 914   7.934 0.001 HN    293
 915  55.947 0.051 CA    293
 916 999.000 0.000 HA    293
 917  38.345 0.027 CB    293
 918 999.000 0.000 HB2   293
 919 999.000 0.000 HB3   293
 920 999.000 0.000 QB    293
 921 175.753 0.013 CG    293
 922 999.000 0.000 OD1   293
 923 110.903 0.003 ND2   293
 924   7.649 0.002 HD21  293
 925   7.197 0.002 HD22  293
 926 999.000 0.000 QD2   293
 927 177.708 0.000 C     293
 928 123.709 0.010 N     294
 929   8.146 0.001 HN    294
 930  55.451 0.013 CA    294
 931 999.000 0.000 HA    294
 932 999.000 0.000 QB    294
 933  17.659 0.006 CB    294
 934 999.000 0.000 HB1   294
 935 999.000 0.000 HB2   294
 936 999.000 0.000 HB3   294
 937 178.772 0.000 C     294
 938 118.816 0.015 N     295
 939   7.754 0.001 HN    295
 940  59.153 0.016 CA    295
 941 999.000 0.000 HA    295
 942  27.494 0.032 CB    295
 943 999.000 0.000 HB2   295
 944 999.000 0.000 HB3   295
 945 999.000 0.000 QB    295
 946  32.992 0.008 CG    295
 947 999.000 0.000 HG2   295
 948 999.000 0.000 HG3   295
 949 999.000 0.000 QG    295
 950 179.200 0.044 CD    295
 951 999.000 0.000 OE1   295
 952 110.685 0.000 NE2   295
 953   6.939 0.010 HE21  295
 954   6.371 0.004 HE22  295
 955 999.000 0.000 QE2   295
 956 177.938 0.000 C     295
 957 113.544 0.012 N     296
 958   8.000 0.001 HN    296
 959  62.073 0.061 CA    296
 960 999.000 0.000 HA    296
 961  63.032 0.000 CB    296
 962 999.000 0.000 HB2   296
 963 999.000 0.000 HB3   296
 964 999.000 0.000 QB    296
 965 999.000 0.000 OG    296
 966 999.000 0.000 HG    296
 967 176.357 0.000 C     296
 968 120.694 0.014 N     297
 969   8.246 0.001 HN    297
 970  57.710 0.013 CA    297
 971 999.000 0.000 HA    297
 972  43.000 0.019 CB    297
 973 999.000 0.000 HB2   297
 974 999.000 0.000 HB3   297
 975 999.000 0.000 QB    297
 976 999.000 0.000 CG    297
 977 999.000 0.000 OD1   297
 978 999.000 0.000 OD2   297
 979 177.895 0.000 C     297
 980 122.312 0.017 N     298
 981   8.334 0.001 HN    298
 982  55.575 0.025 CA    298
 983 999.000 0.000 HA    298
 984 999.000 0.000 QB    298
 985  17.580 0.049 CB    298
 986 999.000 0.000 HB1   298
 987 999.000 0.000 HB2   298
 988 999.000 0.000 HB3   298
 989 179.430 0.000 C     298
 990 119.910 0.003 N     299
 991   8.430 0.002 HN    299
 992  55.205 0.035 CA    299
 993 999.000 0.000 HA    299
 994 999.000 0.000 QB    299
 995  18.072 0.063 CB    299
 996 999.000 0.000 HB1   299
 997 999.000 0.000 HB2   299
 998 999.000 0.000 HB3   299
 999 179.551 0.000 C     299
1000 118.044 0.020 N     300
1001   8.709 0.001 HN    300
1002  58.401 0.037 CA    300
1003 999.000 0.000 HA    300
1004  28.479 0.000 CB    300
1005 999.000 0.000 HB2   300
1006 999.000 0.000 HB3   300
1007 999.000 0.000 QB    300
1008 999.000 0.000 CG    300
1009 999.000 0.000 ND1   300
1010 999.000 0.000 CD2   300
1011 999.000 0.000 HD1   300
1012 999.000 0.000 CE1   300
1013 999.000 0.000 NE2   300
1014 999.000 0.000 HD2   300
1015 999.000 0.000 HE1   300
1016 999.000 0.000 HE2   300
1017 118.918 0.010 N     301
1018   8.558 0.001 HN    301
1019  56.107 0.021 CA    301
1020 999.000 0.000 HA    301
1021  37.232 0.048 CB    301
1022 999.000 0.000 HB2   301
1023 999.000 0.000 HB3   301
1024 999.000 0.000 QB    301
1025 175.801 0.044 CG    301
1026 999.000 0.000 OD1   301
1027 114.482 0.001 ND2   301
1028   8.132 0.002 HD21  301
1029   7.018 0.003 HD22  301
1030 999.000 0.000 QD2   301
1031 178.380 0.000 C     301
1032 126.368 0.008 N     302
1033   8.669 0.001 HN    302
1034  55.760 0.033 CA    302
1035 999.000 0.000 HA    302
1036 999.000 0.000 QB    302
1037  18.835 0.010 CB    302
1038 999.000 0.000 HB1   302
1039 999.000 0.000 HB2   302
1040 999.000 0.000 HB3   302
1041 179.088 0.000 C     302
1042 118.540 0.009 N     303
1043   8.510 0.002 HN    303
1044  58.274 0.028 CA    303
1045 999.000 0.000 HA    303
1046  42.288 0.015 CB    303
1047 999.000 0.000 HB2   303
1048 999.000 0.000 HB3   303
1049 999.000 0.000 QB    303
1050 999.000 0.000 CG    303
1051 999.000 0.000 HG    303
1052 999.000 0.000 QD1   303
1053 999.000 0.000 QD2   303
1054 999.000 0.000 CD1   303
1055 999.000 0.000 HD11  303
1056 999.000 0.000 HD12  303
1057 999.000 0.000 HD13  303
1058 999.000 0.000 CD2   303
1059 999.000 0.000 HD21  303
1060 999.000 0.000 HD22  303
1061 999.000 0.000 HD23  303
1062 999.000 0.000 QQD   303
1063 179.924 0.000 C     303
1064 118.055 0.008 N     304
1065   7.968 0.003 HN    304
1066  58.678 0.022 CA    304
1067 999.000 0.000 HA    304
1068  28.941 0.026 CB    304
1069 999.000 0.000 HB2   304
1070 999.000 0.000 HB3   304
1071 999.000 0.000 QB    304
1072 999.000 0.000 CG    304
1073 999.000 0.000 HG2   304
1074 999.000 0.000 HG3   304
1075 999.000 0.000 QG    304
1076 999.000 0.000 CD    304
1077 999.000 0.000 OE1   304
1078 999.000 0.000 NE2   304
1079 999.000 0.000 HE21  304
1080 999.000 0.000 HE22  304
1081 999.000 0.000 QE2   304
1082 179.115 0.000 C     304
1083 123.319 0.007 N     305
1084   8.310 0.002 HN    305
1085  61.579 0.003 CA    305
1086 999.000 0.000 HA    305
1087  38.223 0.012 CB    305
1088 999.000 0.000 HB2   305
1089 999.000 0.000 HB3   305
1090 999.000 0.000 QB    305
1091 999.000 0.000 QD    305
1092 999.000 0.000 QE    305
1093 999.000 0.000 QR    305
1094 999.000 0.000 CG    305
1095 999.000 0.000 CD1   305
1096 999.000 0.000 HD1   305
1097 999.000 0.000 CE1   305
1098 999.000 0.000 HE1   305
1099 999.000 0.000 CZ    305
1100 999.000 0.000 CE2   305
1101 999.000 0.000 HE2   305
1102 999.000 0.000 CD2   305
1103 999.000 0.000 HD2   305
1104 999.000 0.000 OH    305
1105 999.000 0.000 HH    305
1106 177.663 0.000 C     305
1107 117.380 0.016 N     306
1108   8.326 0.001 HN    306
1109  56.277 0.007 CA    306
1110 999.000 0.000 HA    306
1111  42.294 0.029 CB    306
1112 999.000 0.000 HB2   306
1113 999.000 0.000 HB3   306
1114 999.000 0.000 QB    306
1115 999.000 0.000 CG    306
1116 999.000 0.000 HG    306
1117 999.000 0.000 QD1   306
1118 999.000 0.000 QD2   306
1119 999.000 0.000 CD1   306
1120 999.000 0.000 HD11  306
1121 999.000 0.000 HD12  306
1122 999.000 0.000 HD13  306
1123 999.000 0.000 CD2   306
1124 999.000 0.000 HD21  306
1125 999.000 0.000 HD22  306
1126 999.000 0.000 HD23  306
1127 999.000 0.000 QQD   306
1128 177.481 0.000 C     306
1129 116.159 0.008 N     307
1130   7.714 0.001 HN    307
1131  58.103 0.006 CA    307
1132 999.000 0.000 HA    307
1133  30.439 0.023 CB    307
1134 999.000 0.000 HB2   307
1135 999.000 0.000 HB3   307
1136 999.000 0.000 QB    307
1137 999.000 0.000 CG    307
1138 999.000 0.000 HG2   307
1139 999.000 0.000 HG3   307
1140 999.000 0.000 QG    307
1141 999.000 0.000 CD    307
1142 999.000 0.000 HD2   307
1143 999.000 0.000 HD3   307
1144 999.000 0.000 QD    307
1145 999.000 0.000 CE    307
1146 999.000 0.000 HE2   307
1147 999.000 0.000 HE3   307
1148 999.000 0.000 QE    307
1149 999.000 0.000 NZ    307
1150 999.000 0.000 HZ1   307
1151 999.000 0.000 HZ2   307
1152 999.000 0.000 HZ3   307
1153 999.000 0.000 QZ    307
1154 176.997 0.000 C     307
1155 118.973 0.016 N     308
1156   7.878 0.001 HN    308
1157  62.149 0.016 CA    308
1158 999.000 0.000 HA    308
1159  37.562 0.026 CB    308
1160 999.000 0.000 HB    308
1161 999.000 0.000 QG2   308
1162 999.000 0.000 CG2   308
1163 999.000 0.000 HG21  308
1164 999.000 0.000 HG22  308
1165 999.000 0.000 HG23  308
1166 999.000 0.000 CG1   308
1167 999.000 0.000 HG12  308
1168 999.000 0.000 HG13  308
1169 999.000 0.000 QG1   308
1170 999.000 0.000 QD1   308
1171 999.000 0.000 CD1   308
1172 999.000 0.000 HD11  308
1173 999.000 0.000 HD12  308
1174 999.000 0.000 HD13  308
1175 177.860 0.000 C     308
1176 117.209 0.007 N     309
1177   7.364 0.001 HN    309
1178  61.165 0.048 CA    309
1179 999.000 0.000 HA    309
1180  38.730 0.037 CB    309
1181 999.000 0.000 HB    309
1182 999.000 0.000 QG2   309
1183 999.000 0.000 CG2   309
1184 999.000 0.000 HG21  309
1185 999.000 0.000 HG22  309
1186 999.000 0.000 HG23  309
1187 999.000 0.000 CG1   309
1188 999.000 0.000 HG12  309
1189 999.000 0.000 HG13  309
1190 999.000 0.000 QG1   309
1191 999.000 0.000 QD1   309
1192 999.000 0.000 CD1   309
1193 999.000 0.000 HD11  309
1194 999.000 0.000 HD12  309
1195 999.000 0.000 HD13  309
1196 176.221 0.000 C     309
1197 125.091 0.007 N     310
1198   8.045 0.001 HN    310
1199  52.851 0.009 CA    310
1200 999.000 0.000 HA    310
1201 999.000 0.000 QB    310
1202  19.419 0.023 CB    310
1203 999.000 0.000 HB1   310
1204 999.000 0.000 HB2   310
1205 999.000 0.000 HB3   310
1206 177.927 0.000 C     310
1207 119.062 0.010 N     311
1208   8.110 0.001 HN    311
1209  56.668 0.014 CA    311
1210 999.000 0.000 HA    311
1211  30.375 0.013 CB    311
1212 999.000 0.000 HB2   311
1213 999.000 0.000 HB3   311
1214 999.000 0.000 QB    311
1215 999.000 0.000 CG    311
1216 999.000 0.000 HG2   311
1217 999.000 0.000 HG3   311
1218 999.000 0.000 QG    311
1219 999.000 0.000 CD    311
1220 999.000 0.000 OE1   311
1221 999.000 0.000 OE2   311
1222 176.405 0.000 C     311
1223 122.274 0.013 N     312
1224   8.121 0.001 HN    312
1225  56.308 0.051 CA    312
1226 999.000 0.000 HA    312
1227  30.633 0.032 CB    312
1228 999.000 0.000 HB2   312
1229 999.000 0.000 HB3   312
1230 999.000 0.000 QB    312
1231 999.000 0.000 CG    312
1232 999.000 0.000 HG2   312
1233 999.000 0.000 HG3   312
1234 999.000 0.000 QG    312
1235 999.000 0.000 CD    312
1236 999.000 0.000 HD2   312
1237 999.000 0.000 HD3   312
1238 999.000 0.000 QD    312
1239 999.000 0.000 NE    312
1240 999.000 0.000 HE    312
1241 999.000 0.000 CZ    312
1242 999.000 0.000 NH1   312
1243 999.000 0.000 HH11  312
1244 999.000 0.000 HH12  312
1245 999.000 0.000 NH2   312
1246 999.000 0.000 HH21  312
1247 999.000 0.000 HH22  312
1248 999.000 0.000 QH2   312
1249 175.280 0.000 C     312
1250 128.418 0.009 N     313
1251   7.968 0.001 HN    313
1252  57.630 0.000 CA    313
1253 999.000 0.000 HA    313
1254  33.781 0.000 CB    313
1255 999.000 0.000 HB2   313
1256 999.000 0.000 HB3   313
1257 999.000 0.000 QB    313
1258 999.000 0.000 CG    313
1259 999.000 0.000 HG2   313
1260 999.000 0.000 HG3   313
1261 999.000 0.000 QG    313
1262 999.000 0.000 CD    313
1263 999.000 0.000 HD2   313
1264 999.000 0.000 HD3   313
1265 999.000 0.000 QD    313
1266 999.000 0.000 CE    313
1267 999.000 0.000 HE2   313
1268 999.000 0.000 HE3   313
1269 999.000 0.000 QE    313
1270 999.000 0.000 NZ    313
1271 999.000 0.000 HZ1   313
1272 999.000 0.000 HZ2   313
1273 999.000 0.000 HZ3   313
1274 999.000 0.000 QZ    313
1275 999.000 0.000 C     313
